"V1" "V2" "V3"
"1" 12239.3417812146 -815.502037185796 -132.583677822188
"2" 15480.2115269648 -734.79833792229 -170.680794163254
"3" -30.9129673814763 -147.658922481611 -39.405150496805
"4" -1251.89612874839 53.6346603783739 67.5563473430671
"5" -1501.34613290557 -235.978140560177 -70.9890383243524
"6" -2214.05431161489 10.2935525133935 -41.3203454502846
"7" -225.468336094972 184.565095989342 125.801353575109
"8" -1640.75404289384 118.825818610096 -70.6912308961694
"9" -1407.09332638771 123.777446462838 33.5466966485812
"10" -1557.81856277572 -277.833376068888 -83.0729678978943
"11" -2625.50935053692 49.3498265777485 -70.2948547955472
"12" -1330.57934140445 -293.314039848976 -90.0383049144436
"13" -2905.86571790667 126.152304040408 79.9321933262988
"14" -1480.44030241168 -50.4568271061836 -91.264189220229
"15" 772.773024855913 -111.487414749297 117.627192096974
"16" -1071.72950298923 -291.355009742952 -36.4716950222522
"17" -2636.96810645936 4.09133876536451 -9.59752400487643
"18" -1685.2516351602 -117.208726689101 -92.1407653767501
"19" -1743.97800689725 -112.932482101766 36.9612946090238
"20" -1998.3897266645 -73.437755931625 29.1420437895063
"21" -2424.28814581368 -123.14926644917 22.1485199106825
"22" -2935.44785615335 -79.5770207447293 11.1088620748135
"23" -1946.84628194392 -226.578218408374 -60.2798092977379
"24" -3173.41016853184 -126.570965974573 -104.336532788798
"25" -698.779263696743 201.992072745432 -19.2070450085587
"26" -2296.0401059865 -76.2353842526954 69.314433848137
"27" 1019.00791779547 254.314378727461 -52.3112777548933
"28" 81.8579741328565 55.5510923688135 -109.459135925672
"29" -2356.54138641629 -263.312448057107 -33.3961131608165
"30" -2608.96615487895 -236.240777338572 -77.8751781625001
"31" -4659.39973843222 -66.3842810446068 -26.7746506239122
"32" -3274.57963009716 166.927998917955 17.5892250237019
"33" -4928.04508324956 0.248561376401048 5.53289007225414
"34" -1424.76221858391 -438.494522167252 10.9775068522429
"35" -3597.79075026145 -337.516570487233 73.6767020280053
"36" -3150.03958436935 -101.109304430424 108.103844060221
"37" -3092.88924315357 43.7123181812845 41.307270483285
"38" -2895.00555869626 -153.140241899005 29.1754948989395
"39" -3622.54479607929 -50.0888590093563 66.1837948686611
"40" -3273.18367468029 -33.8619926907063 -4.7906590697556
"41" -3099.03700216822 -28.5943306929962 18.009577594887
"42" -3863.24763943827 -139.737177979787 -2.51633562776748
"43" -2702.81082584919 6.89355292596231 46.8855163719599
"44" -2036.61166137621 51.3748923729305 40.9165395964155
"45" -1191.58748817596 -96.3126757643179 11.4563129012101
"46" -1357.81563271794 -155.727661344243 24.6179429326554
"47" -2084.12603622361 87.1250665918065 35.9881061261768
"48" -2140.59395673388 32.4059768147986 25.9568303160844
"49" -1901.84120892828 150.517955140115 34.9645968510612
"50" -2102.27061805671 41.8699252625101 26.9088286456777
"51" -1473.58618813575 -67.0822677577156 67.9210689385416
"52" -3177.04185162113 62.4900071315851 108.375494808434
"53" -3440.06417738675 -37.6179577884409 87.0765649171454
"54" -954.935274390313 48.2673458380531 24.6064078475176
"55" -1649.73926842883 78.03015106076 44.0026642256334
"56" -2181.74501945457 -45.4522941850249 13.8914459120444
"57" -1797.89889445517 -33.045052986952 9.37631561308858
"58" -2147.15832223345 -5.8872019741994 78.3646312503753
"59" -3441.5475294394 -22.6756380274465 103.942931920394
"60" -1929.06002180423 -103.455143208762 -0.588788780657432
"61" -2861.32673925915 40.074839887299 65.1935209825945
"62" -582.183249215213 -156.919995930258 56.1755825786634
"63" -2567.48597211732 -197.054456538738 16.0557147777957
"64" -2113.07497913289 -83.312320650295 43.1264142420951
"65" -1339.58707305705 -143.129728947639 20.3331020567785
"66" -1324.75615453138 -180.553706757675 16.4082767690607
"67" -2687.88214013025 90.5657404704603 33.3401007298761
"68" -1384.72838588367 -76.7769570980843 20.6960448191424
"69" -2205.35175574636 140.391433702363 25.0732178246519
"70" -3282.93496701174 110.151979651833 35.9122500787258
"71" -1727.15878803756 -337.49203469938 57.3345993474159
"72" -1987.2536889645 -304.831793665565 35.8188726638142
"73" -2805.3047354099 -1.65578489082636 69.2095642444654
"74" -2087.71322247597 -103.564486889453 25.953101946476
"75" -1815.49617323785 64.0576630980353 59.2886771280591
"76" -2378.35672264044 -22.0403651279169 8.91384213305465
"77" -2604.08124048306 54.3091554174534 38.6870919908119
"78" -2282.98682033224 -54.3295419209096 51.7826634769952
"79" -2499.91076050734 177.199670475411 -89.7669038339711
"80" -2637.37024359949 -55.6369882035409 42.7180972083481
"81" -2002.20744246793 -60.8041359448495 35.3792840795609
"82" -2365.7813550896 117.109588744297 -75.1874740893389
"83" -2173.87083959624 -31.2143683747609 25.9855498877866
"84" -2117.98026382054 155.043000169053 53.1228480808428
"85" -1976.44755956018 139.25286199739 37.6977206956589
"86" -862.007360618725 -215.072048671462 5.77011914791989
"87" -1582.63362461319 79.4195111230297 25.4401780379367
"88" -1246.24838280084 -441.467482613149 -17.8184130258465
"89" -1316.79440052507 -452.509132416936 -53.2383661655432
"90" -895.283088217926 -34.5384259959326 16.6512804014276
"91" -594.591067911465 -237.11396940148 3.92496031691232
"92" -395.202501913344 -448.547081653345 -52.1392159804944
"93" -560.840004885334 -236.647290941243 3.94625702287511
"94" -1265.89583890398 -46.7038592664823 42.0685968522957
"95" -1102.74102836732 -238.726093662831 61.5945308942834
"96" -454.175896940988 -63.9530444594922 17.5610801413487
"97" -1167.54802376238 -218.220206538635 35.5408228415436
"98" -454.901043945582 -413.483378316085 118.479221720084
"99" -2330.48949601527 156.521102618136 7.99113155159795
"100" -507.413065941385 -407.248456398121 65.0776656463312
"101" -1051.10230398039 -92.5295780187063 -56.1507466966788
"102" -1064.42560950424 211.341964227852 22.8083011144896
"103" -864.816984239236 -7.82947126189697 48.306499524928
"104" -49.4408266258161 -417.833706251297 45.1797137303341
"105" -433.146024820722 -332.142298974211 28.6830846466214
"106" 376.484940124008 -104.149603922374 -4.01700183007719
"107" -254.223702699368 -296.916708866697 10.6319379264091
"108" -207.085611591995 -453.268861705435 29.4113381122884
"109" -752.667075891646 -295.839163635941 -18.1292936287424
"110" -1223.14601072404 37.6141667443071 -99.7752353155969
"111" -1834.54463453731 -75.9010915742572 13.9546205694479
"112" -503.350267970687 -276.463052813089 -17.8614821883345
"113" -349.065542328931 -293.016876726924 -10.0672876759206
"114" -655.803207512573 -212.703366762317 34.3817282887922
"115" 27.0525679595416 -68.2798530778618 -73.0677595884318
"116" 1485.96137454988 -280.428906570565 -74.0600553405305
"117" -469.786484209763 178.731271076291 -33.030596698183
"118" -1196.28249796712 132.294932683973 12.5105395440087
"119" -516.186955072468 207.84605783528 -38.8508957388218
"120" 1321.43972616252 -290.960007618418 23.8396898816601
"121" -512.600355277998 21.2335775744216 40.8042615625799
"122" 869.398482249373 -86.1547211438078 -90.22145571491
"123" 1407.80701757658 -340.571717869971 86.5477304283511
"124" -351.068375333395 169.440620243081 39.9481467618989
"125" -2368.97900113496 108.000602829193 54.3381713653594
"126" -2261.63982532257 76.087589373183 70.7477098904422
"127" -61.7941144415651 -122.27930496297 7.97930322178253
"128" 958.667636963608 20.6594889238367 52.6412161930602
"129" 150.965074329798 100.531155679566 71.5080234942589
"130" 2112.16120161993 102.959996561165 -45.2260627213623
"131" 1214.51453504298 -231.213639860485 -37.3960912654981
"132" 2239.04358895514 -146.522486683326 112.452376836573
"133" 666.936854556418 -38.3648030347348 4.33048351444385
"134" 1139.78169225789 -104.622638742933 -22.521964872664
"135" 5166.67609712402 250.176330827976 3.94724579042358
"136" 2727.90096110285 157.65636184312 24.1129249748995
"137" 3121.30381300664 43.1984643192375 26.3380874101042
"138" 2240.05156680042 -91.972533539904 -29.3489523707744
"139" 2026.97058549894 349.232495600776 1.83016438101857
"140" 1127.82959929993 -103.848414613596 27.2598549447476
"141" 1052.80755326117 -273.438442299444 63.4241453211837
"142" 3072.76935048116 203.114834695283 18.7757876702325
"143" 2064.45825054702 134.63688194357 13.2216389414374
"144" 2548.55554258305 -142.754704163287 50.5227690135327
"145" 3286.25543369962 -178.192078879333 31.2257975105302
"146" 3992.61478205814 -75.9237943090509 -22.0769715953279
"147" 3156.93439701243 -182.178945436631 -5.56343692826908
"148" 1453.99540630868 -544.76034192309 34.9823643923992
"149" 3560.54284708072 300.345791526284 42.7026251606633
"150" 3856.8753130701 -356.355746642801 -29.7325792499665
"151" 4119.29547771283 320.131757481282 -13.52434281511
"152" 2931.67553973179 -467.334701308766 90.10321831577
"153" 3523.84933188933 -286.344692809656 96.38144835073
"154" 4087.84242435833 -611.36466376508 121.187761187626
"155" 4298.6605917585 437.706860079076 49.2780873202331
"156" 4422.75875728958 391.041157255212 42.96835801758
"157" 2182.27926826366 -500.970207584652 29.5104137999974
"158" 3204.99963382726 -285.770000062612 57.2589656507656
"159" 5858.09686601325 -315.16576192673 54.3894536201626
"160" 5959.3522982086 154.827015798618 65.4893626534219
"161" 3467.08336558537 -506.079441004873 95.619434833754
"162" 3991.5843650906 -232.365286242238 61.6371849713853
"163" 4903.04879206261 633.722038931927 19.1973787189944
"164" 3535.09325689665 -494.620804670414 60.3512454769206
"165" 5043.12089475913 404.125674739576 137.868210668168
"166" 6008.78793537167 406.783462514517 166.736955186769
"167" 3328.62033788307 110.999140395001 56.2763658927363
"168" 5557.32606294008 9.46300169052386 107.421339829484
"169" 3348.32913797749 420.159572666601 41.4084821542276
"170" 7204.70284713844 400.936157395828 -20.3541339758934
"171" 5955.09674812325 196.032820356629 100.38989240682
"172" 5852.6367673239 217.938667560545 166.204776089839
"173" 6905.88487962342 535.275614630934 132.150028851536
"174" 2899.92449627312 280.099564132276 61.2607306029866
"175" 4680.75000662402 89.6664257056339 54.7672721480882
"176" 3348.38117537449 251.899887690962 63.262540807727
"177" 2590.92534800966 -52.295129762901 28.9381439329471
"178" 4879.40484808671 538.752864486311 23.4798324511495
"179" 3810.54311028292 447.820723929152 -13.1041900586427
"180" 1859.55170646331 682.048788375181 -111.303956972695
"181" 4037.93851753543 175.792862731945 -14.3324664995205
"182" 3024.57028525066 131.719642698668 -33.7128502037239
"183" 7536.69079946438 447.973558511416 -77.5314240320777
"184" 4775.5563181787 105.948099292503 -59.5978848007141
"185" 6529.7784834081 -62.9467550575267 28.0536790361031
"186" 4422.26866643405 601.837043661488 -65.2204438912572
"187" 6486.78311440655 82.7877559186562 -45.585001342773
"188" 9939.35374416388 855.981748297296 73.4029419918515
"189" 10798.3819118075 809.664987962931 -38.2912794365812
"190" 8070.62495526332 496.950056551324 -106.946583637391
"191" 8627.8813919294 198.590270862427 -270.766038714141
"192" -880.632928625265 177.63630272906 -129.582855986643
"193" 4703.00455092358 -8.69192859215597 -158.214340038148
"194" 5080.89452352631 -89.4307174883871 -93.7262430891988
"195" 3839.01138203299 -123.7499254713 -71.7307298377013
"196" -1292.49619009 480.828012040461 -89.2333845158352
"197" -802.105945364286 343.943796958414 -139.475235303503
"198" 15.5262233147971 541.793784047821 -147.797242978303
"199" -388.865725664418 638.528920765345 -158.70891509198
"200" 68.4009703167281 542.317150253903 -68.0196773864004
"201" -448.042436115661 335.807800488738 -80.6871014789207
"202" -603.342527260578 500.784658737723 -16.9888230816642
"203" 507.543649683233 58.4785859898147 -63.4078323849767
"204" 447.923147659393 153.682288389322 -32.449609302474
"205" 495.410608686129 22.5882493836841 -67.1184077339127
"206" 617.140588220541 83.51742123068 -29.502138723186
"207" -257.211334272912 73.640915427338 -46.2592220797771
"208" -755.234509936741 51.5574866487679 1.54618306847295
"209" -1161.8289582368 182.920175081266 -3.07182809544654
"210" -454.521101298313 46.8008623410071 -27.5932484551353
"211" -1765.18557012283 273.505149669771 -35.5858648107004
"212" -1103.00061028523 -33.191082231016 -79.4756962402821
"213" 819.415895385753 -88.055058731406 -60.4448587899997
"214" -3018.03116713431 164.661804726847 -33.7311148594561
"215" 359.58067774753 37.469629257839 -41.6725794395309
"216" -339.724819665481 -176.014959909542 -53.101666263791
"217" -311.70080167428 14.5124590468709 40.7784905862534
"218" 612.165186680678 104.87695836438 -107.233552277003
"219" -1051.78206928384 72.6294779015195 36.9054138826819
"220" -2479.46302100057 147.829759495596 -54.4804429440447
"221" -1512.00538740712 31.0810187140479 -61.7115369258159
"222" -2113.63292770386 199.616585555819 -25.7348021320957
"223" 652.705392242629 176.566738345739 -75.8929075248006
"224" 1179.52611238545 -225.024368969787 68.9289189654816
"225" -594.213525327604 -164.635660561319 -91.8636281820344
"226" 532.554924556389 -182.399140278141 -74.2376799627261
"227" -1096.58295076532 -152.792422177941 -70.505295474699
"228" 1183.73023657355 43.3120950181097 -42.8360071298912
"229" 1224.6882133644 131.787262799996 -19.1967380328706
"230" 545.019578797372 -65.291913842989 -40.5845671647126
"231" -484.342315718488 -209.083759943775 -88.0296522964524
"232" -708.728571263185 -53.7403398029262 -29.8312174746553
"233" -107.952593837153 -15.3227258299556 -47.1073866513065
"234" -366.587704927166 -194.596403504513 -67.0947777841854
"235" 138.066386221167 -15.9378687716758 -60.8648095699213
"236" -504.203615924223 -193.812775256739 -26.8479052817448
"237" -807.44465390062 -202.315907241415 -74.3599634830249
"238" 1337.36800302991 124.379231263954 -8.31175942544698
"239" -139.30264802499 -179.974157260363 13.9985556436876
"240" 1539.652806046 209.937142118135 -11.7993371936695
"241" 280.720320393769 137.626676858688 -35.1116051339134
"242" -431.224590465166 -255.837280010352 -76.2287378259869
"243" 1424.10996050975 100.151632435344 -53.8276428563047
"244" 988.217261624356 65.5255144083583 -14.3973725123274
"245" 577.843333687488 231.196869125048 7.61028098663779
"246" 1051.91362686528 142.038550205762 -1.71409513508706
"247" 426.100490544649 213.433305714973 -15.9725429154861
"248" -1206.28676690372 -264.957545425406 -63.0454670225511
"249" -405.213533247461 -179.825746848486 -73.5927720155193
"250" 42.3747353688681 -85.4743239827952 20.7105133947717
"251" 316.721419189329 270.080316619211 -11.7155010823139
"252" 55.9314180658913 207.52324449485 -17.90128861448
"253" -208.275740266706 18.215832367625 10.2818115010655
"254" -78.3816877943776 240.600448919518 -5.65227773519948
"255" -377.277532235288 206.83908622271 8.60121189304708
"256" -177.048233244146 266.019765412153 -6.36368642124159
"257" -1374.53804403457 -45.2099262279913 -65.049968806953
"258" 931.689170842823 272.051531600548 50.76011638789
"259" 1510.89269712333 159.208990716632 58.6194978306973
"260" 1169.36049284136 56.8838857408959 -3.15246225146715
"261" -236.709785189673 181.57079387408 -53.9032989257876
"262" 309.601861967136 115.699970212131 67.3136746884379
"263" -822.461534508623 266.450509800307 7.95158362967292
"264" -775.143962973586 -1.40392744688741 -65.9387357951273
"265" -486.790529959474 206.285551953676 58.0265875782244
"266" -575.472989728519 1.70543464509962 -23.4177084536675
"267" -298.871780862934 -51.0771942022226 20.4059478700503
"268" -327.141721470261 226.913807210841 -33.3031700603117
"269" -359.049791559723 149.560536334007 -15.5688941096398
"270" -358.564397238807 165.311702821048 66.4210877898585
"271" -308.165022573844 -25.7096148275017 -21.5909180442669
"272" -54.4803289062532 -47.8053392281755 -92.1426606464795
"273" -629.678173786256 224.497370182198 -42.1690368497323
"274" 67.2775732672764 108.720307358104 31.8985763979933
"275" -238.656703734964 68.0593162300101 12.1217922968879
"276" -746.246641347165 107.887752302798 -43.3074566881903
"277" -552.437531021124 206.030709607694 29.2026513250025
"278" -143.67305714691 146.524688263194 24.3927167827405
"279" 155.008465385239 72.1221183779543 23.2802522283601
"280" -785.536016019259 67.4838185014203 -31.726323848619
"281" -1290.02966617485 76.8998784455627 19.3609448917623
"282" -582.780164534458 126.607467945191 -33.2180181485354
"283" -677.656453484161 154.578795772567 -40.5949677558324
"284" -660.674704838669 154.662593021468 24.5657789707472
"285" -740.205410933306 90.4579907688387 26.1866706251751
"286" -945.497526898845 13.3861373408419 0.88428025577333
"287" 167.749478912921 75.2012769749699 -111.689772251573
"288" -142.627219781435 117.910947019958 12.4894772980483
"289" 97.7491398916311 -109.228569441811 53.0218585811173
"290" -168.71663865978 24.6793286391101 54.6646431665053
"291" -701.309547194028 -13.8396254396483 -13.4225987449372
"292" 500.654825457542 31.0998752035584 90.7685176329054
"293" -53.9426832216494 18.3007577843219 44.2902114964688
"294" 44.9993877179839 187.098221219101 46.7282763104979
"295" -279.41200542387 -37.7002536985233 22.7751624441076
"296" 260.357489240211 -53.8758076830202 17.4552844036032
"297" -347.85221612985 -60.9828161939214 -116.625638902389
"298" 596.62403197972 34.6723384452522 95.6179477557156
"299" 262.07777644422 72.6297231290228 83.2383724849689
"300" -862.628136564581 10.0466759957017 -131.955690052185
"301" 601.059269320362 -111.495136164411 -90.1299959993235
"302" 150.295273358924 -201.793600504312 24.468336473949
"303" -153.890869584933 -8.08627008380652 12.1744742697115
"304" 201.836387538364 130.248555138918 61.6936166224189
"305" -44.6403055708701 93.5073101214638 35.3327502632783
"306" 145.862666934471 -109.882109546414 23.493569148087
"307" -525.53025640383 49.0279009361858 21.8219898873534
"308" -419.325881700042 -1.10033640101661 -21.2719026106905
"309" 1317.98229827695 -120.637487420308 45.767247250995
"310" 924.286071891867 -212.094366176385 -28.0314579543506
"311" -14.5618523945524 -60.580141865392 -108.199153064154
"312" 1348.72973671895 -314.741986586085 -39.0167760741795
"313" 348.68488031645 -600.0719962609 -94.3472588755073
"314" -338.867764936708 -192.275552962788 -167.167538451249
"315" 2192.38610723179 10.344920122462 79.8940815332161
"316" 1241.94574684446 -252.888660648295 46.0444985139743
"317" 410.804700136767 179.445732872915 35.6875824152923
"318" 1366.37505164409 115.83614175828 58.3063252558427
"319" 1005.32850839996 -18.4569096509972 -8.40364863101659
"320" -1218.51232027977 110.24814735497 21.9245595319019
"321" 2189.21333396139 -64.3980972131724 48.1101809221371
"322" -1834.31710069506 206.585440103964 17.2643676748285
"323" -1282.5426885704 241.467485273069 -0.847581079088561
"324" 857.440075147002 -102.383431706998 -18.9436886032453
"325" -42.5631641689251 -143.253710659955 18.58884720339
"326" -1931.32177063168 291.395801336685 -112.400113845317
"327" -1507.43787966801 1.8796698899144 -23.2521139232236
"328" -1028.32291677584 -50.8128168751142 -3.08731722827594
"329" -990.306948392711 88.9661279184882 -41.6408449605513
"330" -1109.54262027364 180.528834134019 -98.7090278867182
"331" -2056.23844632689 131.563944946715 -4.1816827924526
"332" 1383.90975411611 -33.1558651055675 90.7719278434055
"333" -1482.76317909102 167.368011460093 -38.744333017367
"334" -1046.49614159283 45.0745546737875 -4.01454510775312
"335" -560.017488452472 32.7366344327638 11.7395913438424
"336" -1819.18215461123 90.6716142398806 -13.3665393752865
"337" 791.064556806205 -82.385334556706 30.3595284665263
"338" -136.280312278793 -97.0438479350777 2.62025380484111
"339" 482.681078094299 92.6576554523428 41.8872512508049
"340" -86.0050843866159 4.77927330605257 56.7076161161479
"341" 1114.17294159883 238.628009296797 104.46630437543
"342" -1334.15149252581 217.22368787023 -6.60517702048202
"343" -351.161046647162 205.515165998173 4.570318478515
"344" -1972.87330986979 187.493378645627 -4.81375264717935
"345" 633.231492137588 -183.592780058076 35.3044770482802
"346" -1107.43785453492 99.133379035084 -37.9351690809093
"347" -323.237774685964 182.391165270224 45.9792996135546
"348" -1800.22237966656 84.354872461963 -23.3303064501217
"349" -1561.43024123615 186.236512971302 7.23703190085114
"350" 136.390369587569 64.7337379859144 47.6182186840753
"351" 433.236028342522 -125.879698441572 24.8014110789652
"352" 646.618529976185 -321.16197832164 15.1283371210349
"353" 688.6086714408 77.4240663785059 47.2621958966477
"354" 223.970796823297 17.2744358253587 48.8360036503698
"355" -901.921443841393 289.083991681062 42.0308102223922
"356" -759.638944786942 78.1360863164214 -6.98632923845376
"357" -448.524538517833 342.19615485151 38.1890072944334
"358" 224.655673784244 159.436444537189 55.8684097188821
"359" -82.1219913635831 191.674325327101 21.4128606923392
"360" -169.510704866372 38.4913366138552 49.7580595508484
"361" 434.840387941849 104.772705729983 51.2656836427519
"362" -580.497937182991 142.036678284586 4.42070125028734
"363" -1899.47836811314 299.402438055771 -16.4189561575858
"364" -1799.89629512085 344.039198717211 1.36055113387488
"365" -376.922198605129 165.21070215533 90.0883079459616
"366" 565.28159449029 102.070931468251 17.2787143601636
"367" -1182.67368045317 206.323872741509 -35.4435910838688
"368" -1895.6265365648 284.230861231525 -27.8492140300564
"369" -464.252200780948 142.259504566273 43.7263973188197
"370" 298.723443127042 99.1790668750439 32.6933534964618
"371" -1057.09919390371 200.041166163861 15.7415536148031
"372" 615.145074565137 183.04876082545 52.2824548886594
"373" 523.113835931717 189.939957942491 39.4102095146608
"374" -960.812219523955 257.361089275688 44.4330133815185
"375" 411.9893390525 16.1842223257293 62.8178411344229
"376" -2157.49228596355 158.142525456799 0.785380584348414
"377" 392.944801526227 40.2209648484826 88.8245476282656
"378" 4.68465272946153 168.51986271689 68.2090891967917
"379" -805.722318826782 120.42937354332 16.5658203553018
"380" 1586.74758394102 -214.711115337375 4.18184816304384
"381" -1057.16896016883 92.7710282686692 -26.9454245536791
"382" -332.880488956499 194.915446557702 58.5445275680832
"383" -1716.00129189644 -19.7602784625314 -15.4467629445867
"384" -233.906756985143 -17.0346951715816 41.3850418973788
"385" 316.534713824494 199.047160023084 94.9994049311658
"386" -1177.10684185843 9.84433752170638 -60.1819060169748
"387" -28.8318004254881 -63.6103209734067 53.3950355905882
"388" -1212.08538509812 -110.022959702435 10.0219861861699
"389" -992.182196470024 -107.528183337605 -42.268722755749
"390" 323.056782411991 -86.1935187179302 64.467635603581
"391" -258.22022988201 -304.572908945646 -16.595180856504
"392" 729.96678851983 78.7939584134667 121.97360813348
"393" 724.716504269103 257.383050089629 108.729008135586
"394" -1111.19439559238 24.466945983588 -22.8249104787799
"395" 514.185926435313 -270.379411648317 54.2171431457148
"396" 695.523749283586 47.7140071340029 108.236329259276
"397" 673.455342889222 -147.182675276141 90.8126883303165
"398" -991.213434440802 122.738517458564 8.90858474413342
"399" -1083.194084456 -160.988118934135 -17.4300738408247
"400" -154.863530344266 -152.891681864942 17.9515288818581
"401" 440.275244797947 -156.726850279903 32.0681781438425
"402" -925.275054374382 -25.9652440825566 -11.9842744978239
"403" -41.319726412123 -116.139560720904 39.4255343547592
"404" -202.287711079066 1.79092905717217 68.1128668744945
"405" -513.545686353781 -136.480696970157 -10.8783744711451
"406" -1247.11602983116 -22.6051296402008 26.6472731873032
"407" -659.486760760897 -73.7631111865897 23.315061569745
"408" -1765.3453980054 87.1162486903055 66.6428096943388
"409" -1038.60622137614 131.420884821328 5.86144319465937
"410" 386.634567806109 -312.377236245019 26.666748705347
"411" -1639.91391099092 131.367484874813 55.3484054035697
"412" -751.331270973598 21.8908506221857 42.3730180689784
"413" -2732.13261869054 67.0594617720583 10.331091299616
"414" -1822.13760687746 -71.0332692855851 12.4613960287007
"415" -1060.65903966058 -14.1752467914514 -55.2479299434072
"416" -1940.44041081209 55.2897196575298 -11.1618951291159
"417" -1570.31250156156 -160.597201306382 19.0174370583146
"418" -1382.10042516616 -236.754429206111 26.4853435150078
"419" -1400.49464213479 -80.0920636221722 40.2881571518604
"420" -2643.00516679951 -131.243134154393 -24.2718448203386
"421" -1737.44749481181 -205.932716313234 -28.2311630885151
"422" -2754.87344842642 -148.623401204936 -42.7527701339733
"423" -1112.75502209912 -106.590040400997 -34.7680375113487
"424" -2488.39304030471 -189.816049091697 -31.3066503693868
"425" -2624.6283705085 -130.408947407117 53.9103910915409
"426" -1291.95470173266 -95.744787018506 -48.5768527685074
"427" -3747.71327038478 -15.8101929675378 -29.2535643438107
"428" -3815.14038259309 152.350865994596 -68.0969331403699
"429" -3823.33810367186 161.388850387392 -44.9890671258743
"430" -3594.64161065552 122.461164401586 -98.548335658797
"431" -4593.83909719925 467.129120217454 -35.0991198978098
"432" -4045.08021170588 454.468676201864 -43.7295068966486
"433" -3023.90822664984 -43.6807145972299 -78.0894680819556
"434" -3802.59096975191 260.38075516936 -22.5059394000012
"435" -3892.69440373138 503.295023961177 33.3036615828355
"436" -3953.47040928643 355.469854553353 22.8566956092673
"437" -3867.88158414072 241.903170910271 35.5931019988245
"438" -3701.41837450362 352.387258400038 30.1443085761492
"439" 1845.59037572062 -523.031660759713 64.6834649713994
"440" 228.158650398408 -492.033541970746 -21.8313204557497
"441" 904.671488469293 -595.4650843806 110.717698937968
"442" 1451.02953827158 -840.77345669486 -36.9876806947646
"443" 681.251118424277 -801.486005752142 -86.395404400244
"444" 729.951937082358 -850.286054349736 -93.2730213898542
"445" 728.729927754387 -629.887922020923 -73.5777586200824
"446" 782.490570414666 -419.552322033234 -40.501515516991
"447" 2992.06493374025 -783.824109059317 1.89530352719694
"448" -780.850491254734 -207.977697175403 -40.4527782842764
"449" 142.541030358508 -417.704881147183 0.619831020572108
"450" 2427.03222678645 -411.27607092727 18.8158331961953
"451" 969.823830855444 -395.757424832568 -14.8994534925068
"452" -304.823485426757 -60.3725875769236 -94.1213520505838
"453" 3580.30056575281 -386.058957872425 -62.9280666286147
"454" -148.304921489834 45.6200561639146 -32.0193005489829
"455" 1319.50693178731 148.356243355285 61.1734113100481
"456" 4106.17360537252 203.456496040737 14.9181561172863
"457" -1796.32547933088 236.283748665497 -5.39236586510165
"458" -1816.44670845575 128.260323559163 8.55985341019611
"459" -1552.68382267135 195.420917044228 7.98791094846924
"460" 2627.71452470506 -1043.75327332038 162.631707057348
"461" 6635.26981482269 -294.281567248136 -45.4733815186781
"462" 1859.48191496671 -137.689261859375 23.8034006531513
"463" 2345.1601219483 -32.3177195464956 -43.7672828955637
"464" 268.033395114499 -399.674872417945 52.2805145119726
