"V1" "V2" "V3"
"1" 10317.0332520252 655.944526581471 208.673096987104
"2" -1703.15060666013 -17.6023747024257 41.744539524534
"3" -895.371228840866 239.549694197681 45.9245990434795
"4" -1551.94006445624 -38.2345271801843 36.6300575367498
"5" -820.357081780325 47.7679339937978 27.9590124474548
"6" 1550.65280033497 219.074444478955 29.959017784427
"7" -2505.5514341925 121.05328640989 32.50456803223
"8" -1638.380688754 81.4621198958343 -14.9644173193342
"9" -1494.98327409541 15.9568461306783 33.2201064965195
"10" -1966.65274998098 -80.7355461276668 -8.07965648509323
"11" -1972.22157616632 199.246648434602 -35.1132393394093
"12" -1623.56956824992 132.12511216844 29.7680147380369
"13" -2218.11762555363 83.3697990531723 6.95128767787129
"14" 1842.28073391075 64.9232530103201 50.8984421883819
"15" -2699.95537415682 5.26028392901304 50.1114899955469
"16" 1820.8519864473 44.3902775246772 22.6568274901642
"17" -807.826216577263 71.5818810899458 88.3557136520209
"18" -3137.42442229061 -56.5428386499465 26.4227046404858
"19" -3596.9284948754 8.68637459640221 57.808777981364
"20" -908.195994556735 -14.2933998467628 36.1937609702502
"21" -3353.64081008987 77.4986615332968 26.8555489215262
"22" -3078.8752653468 -32.5908647466106 32.3786103674851
"23" 4316.66997897851 130.92082438211 223.18415855355
"24" -3205.00230098319 20.5476543481415 38.2826828832256
"25" -3044.23071956313 -19.9696866017732 40.1683350596825
"26" -2046.93839985609 47.7668157821785 42.5878624439154
"27" -777.182967170786 -5.65752599628408 2.6262500667066
"28" -1410.03512303718 47.8976679028797 69.690247369507
"29" -1612.10408409721 59.3689955831211 81.1604394409596
"30" -1351.7747881355 156.316861202693 67.4057244841605
"31" -420.768498441069 228.324327066279 -27.0189910923218
"32" -1185.68830039515 152.406791686674 -31.5975027578061
"33" -2848.84139844303 -23.1315550095217 -3.55328454193611
"34" -486.784385414485 253.555021785353 31.9574340470462
"35" -1568.87345739577 120.847738013781 -25.6344040312096
"36" -291.261361019635 271.448127523674 85.7522039651851
"37" -1528.95633542737 146.242815567335 -1.34817538058816
"38" -2711.12866712653 93.3202970953036 -16.0458418423789
"39" -2019.99354844239 54.7125415487725 -8.03418171384431
"40" -1289.45119270501 33.4948806317646 53.3903971542355
"41" -2655.48283290913 -85.0506070225383 17.8586324057088
"42" -2617.60602083913 -74.498740079588 35.0812833358201
"43" -3100.16468963162 -59.3385384103816 28.4573021798197
"44" -1646.2964813949 108.558051838381 -81.5888386981751
"45" -2484.14862041938 -25.7597087607574 1.40451879287202
"46" -3347.32388279328 -83.7078350387939 25.7062495044966
"47" -3388.25220862182 -93.4223521301251 39.9555983443843
"48" -2181.07830307137 17.1110341301479 -22.3958412736159
"49" -2750.70187147017 -28.7321367631578 -0.73263701372009
"50" -3279.20908439156 -46.2063562478265 4.74113311521637
"51" -1756.76867092216 -134.484429563746 -53.3878375284887
"52" -1354.49205966087 48.9744062248613 -55.0434628698958
"53" -2260.62132527308 57.3180984934754 30.5331539549021
"54" -2077.31184961548 133.892265741634 -39.801875575676
"55" -2356.27915692408 144.678432881963 -13.5145438382117
"56" -1356.55353774998 159.621891383783 77.3542088305146
"57" -2527.19847850381 216.200814917688 -72.9789994806107
"58" -1303.29581570957 293.991412579283 12.6304084379994
"59" -1711.22085525648 270.117058905694 44.2507093426886
"60" -2725.28530024548 213.368059675047 -53.0967911346991
"61" -3129.30846499709 141.13246203377 39.3347817439833
"62" -1354.14996867411 330.333082012659 33.4411917646738
"63" -3085.91972590963 116.603112797092 -13.0720127801333
"64" -2989.76648946636 65.2105608167838 24.1073227443698
"65" -2026.64119330849 231.178890974674 -31.6845582216202
"66" -2459.48289303376 67.0063695485347 22.9612563842431
"67" -1751.13212354213 209.574341632153 -38.7281703152645
"68" -1842.75033944314 113.490120160104 -58.7414071293443
"69" -1657.52386897595 331.707960577967 11.2171555899299
"70" -2070.04861061752 21.3764671762281 32.189258445621
"71" -868.595642705169 261.510855323147 -130.526928402403
"72" -2226.20846948631 30.8679910287883 -51.4927253387083
"73" -1834.91462517682 126.889600515046 -64.4931763324612
"74" -1167.50833910442 115.85666198193 -13.6085022491919
"75" -549.975839078984 405.78794744303 -145.799538070976
"76" -1734.57428784736 -124.039036132283 -56.59329021477
"77" -1832.62424605689 143.749446818647 -89.6639430465258
"78" -1208.31020807645 179.338816704048 -88.6586236705243
"79" -1610.3365167155 211.55726500998 -102.131772141593
"80" -1662.33124456251 274.572824733793 -111.243331964133
"81" -482.045544412981 240.818811752718 -118.001269493514
"82" -1612.61247162532 321.71084191336 -94.6261433247218
"83" -1292.34024779961 255.225074797818 -97.786860269598
"84" -556.793168108704 77.8932495288231 -64.2978957140883
"85" -1368.53094475514 369.920851022937 72.0231937114208
"86" -1109.47447048105 247.365962012466 -94.9574638710521
"87" 1131.16082314212 194.806857078794 -107.749523345624
"88" -1567.83467771603 201.224993624427 47.4898463822464
"89" -2011.04108732833 188.870227081158 59.6075455984931
"90" -997.69326822497 154.414727957692 49.7643471541603
"91" -437.732430037007 100.108414929601 -37.4576267855239
"92" -2204.00717582289 191.710015857017 -52.3048158294097
"93" -929.579614403518 -71.9066856386171 -12.8448955565322
"94" -1549.99237991153 199.621301958866 41.8580544035156
"95" -1035.2836392475 -42.6969413256252 52.7395937409882
"96" -1043.52550140401 63.3365138753918 -1.86071135293944
"97" -286.355884884862 283.553936342593 66.3915627949931
"98" -1157.69640704441 44.4967621252991 -26.1624841163552
"99" -663.23425506935 365.623907618594 -76.2958066459135
"100" -2132.66480717385 46.2742655800602 -10.9886483971191
"101" 210.423626800704 453.656156760275 -120.82972977224
"102" 1876.50219216476 524.732490711092 61.724543858337
"103" 1551.66984180672 371.911735130495 143.022801287539
"104" -193.844284422901 428.309567152847 90.3928077663635
"105" -694.395608408691 198.33328423543 45.0858546144902
"106" -2510.26222252596 -11.5495488159615 -4.99762837830438
"107" 1893.69315539302 487.362511719875 -185.79456788342
"108" 1895.97860477291 463.428452450302 53.5902642553942
"109" 252.507049023225 466.865737917571 -17.0669644363596
"110" 353.346644356882 481.736373703763 -78.6197233480787
"111" -2523.96456924233 -81.52959586395 33.9591685983337
"112" 800.058487882396 387.485672525477 -55.8369355561593
"113" 163.316287355266 421.580799942909 -32.5533444668874
"114" 961.036378819287 367.505636500447 36.2800894452548
"115" 372.694125138888 321.588779562115 -18.636935725867
"116" 2101.80427099785 396.883043205124 -143.132495479957
"117" 145.453611451382 278.276393885631 -26.1034117534013
"118" -68.7914395843966 227.156836517732 -73.6750002967544
"119" 1777.64335664363 194.375595352309 34.5981831426532
"120" 751.971445218693 234.501912003756 60.0949661097026
"121" 2502.10146458482 383.299063674514 -123.695522779766
"122" 2425.46455929719 407.611871278481 -85.6755989440328
"123" 1982.69991485267 212.26330485119 -104.222195978575
"124" 1028.2260528081 296.53975700476 38.472605649418
"125" -13.3742128441757 61.8797900807924 31.5608753883354
"126" -106.006921408516 178.443261768703 1.62349865054465
"127" 64.6241082583714 127.572007026564 39.5489984343205
"128" 2923.32793001983 334.380508750401 28.9796922457379
"129" 1183.98503931533 64.8404592347519 -83.0287316405819
"130" 641.038564691637 31.051041686675 22.2837483862923
"131" 235.236908557793 132.48858983343 38.7850969188292
"132" 562.679399350928 -22.2500003445786 7.80118166750198
"133" 2929.71154853075 485.655275125474 -60.4845276554323
"134" 1477.06930844435 24.4522272480702 -60.7162416433909
"135" 2691.62268719354 288.424165966511 -45.3323400562658
"136" 357.159282546919 168.472128821863 9.92632848023187
"137" 2506.9143443913 324.067620287039 -121.126211016712
"138" 1916.41984017191 263.206576100007 -103.991786017054
"139" 2575.81969985333 390.154095074486 13.2851179582615
"140" 2608.52108073798 333.576565931723 -26.1383265389364
"141" 1317.58751805568 215.490529583449 -89.7645354203416
"142" 1339.82774030708 215.421809539665 -63.3059992649478
"143" 3951.19742362609 124.913954809405 -38.0899844530691
"144" 1463.02634750116 326.839057429304 -83.8709940313643
"145" 1966.78775854416 186.974995601547 -12.9200729006911
"146" 2108.85046644316 189.965601690272 -6.54722108295493
"147" 2844.44378175654 208.590682057667 -18.8348806381739
"148" 3565.50181211059 28.2327277231485 -13.8862056910849
"149" 3832.41241458788 207.468763656713 -15.8167820136997
"150" 3199.85470735462 238.066302124679 13.5551420257108
"151" 3072.12372229146 174.242132050717 -6.52930362359684
"152" 5890.43472709756 137.881467087016 -108.02936257367
"153" 5742.62394075057 -35.1343872412953 3.02847708567663
"154" 3297.58587928364 121.308244447505 -83.1019535545765
"155" 2897.12845757555 78.7247174442673 -65.1142109279236
"156" 4535.73316201571 -77.1651867916039 10.081247121197
"157" 4999.31284917807 114.573975166858 -101.791859963438
"158" 6380.29688212858 -275.017712020047 -84.9167202030067
"159" 6783.7379211074 -748.883012324154 173.50886023734
"160" 6257.73950569582 -61.5154497025519 -51.3871028311492
"161" 3206.1717214071 36.7787219234949 -86.2262989472189
"162" 3248.62257551759 -126.826929021002 -5.97872483548536
"163" 5787.29949345186 -400.073439649618 -132.864994583173
"164" 4248.38600473303 -359.66823252022 -66.5113935698665
"165" 4051.31712308628 -368.785107139923 -30.8322332112226
"166" 8101.93099584872 -395.688062174282 94.0677046527587
"167" 1792.19027848641 -68.3405438965337 24.7137112942624
"168" 10629.1683749992 121.775315451488 32.2932851536326
"169" 7443.36983556557 121.314609831165 31.7985938646172
"170" 12317.5944080797 -292.725646609961 124.149261946041
"171" 5923.51203190904 272.60525876338 134.691935957058
"172" 2737.82596609146 -462.666265276054 29.1907958951929
"173" 1079.18600712514 -279.386938402499 45.9812495608835
"174" 4919.50839324768 149.103586802969 170.028739995996
"175" 1057.11153690094 -192.902740411365 19.4957852215596
"176" 66.6945241999989 -122.917781505663 2.28296430849745
"177" -205.131186401851 -108.607595679817 29.274328239807
"178" 3175.24361092179 196.341819484747 58.2021707132838
"179" -35.8705936049907 -149.934124838951 -3.83967393844743
"180" 514.789067484071 -345.275274109496 59.4463279144736
"181" 1146.69518296879 36.1309664798468 25.4315340143308
"182" 55.0056429629986 -72.7028664419098 13.4360741400696
"183" 1499.89865559271 189.063699586326 -65.9388666714693
"184" 325.633650414219 191.967211649119 93.9937166205123
"185" 261.731614387401 262.986697295965 50.7867963515211
"186" 6.3063311610429 294.258351517681 87.8578884412832
"187" 2098.09460202419 104.324785746242 67.0341068403475
"188" -754.964062108542 125.049634501446 71.847310331186
"189" 4.29522930310978 438.533339638215 71.9593337235047
"190" -198.896366081511 256.711821127192 88.1080229486443
"191" 410.551335794934 373.56890472404 -69.5398747270274
"192" -236.458261083625 309.366083448654 81.212853136757
"193" -628.705435245852 139.553445451896 87.2564912873237
"194" 145.000887333683 445.737575970187 91.9834602946852
"195" 69.3974767936349 167.255258485194 130.305947470579
"196" 406.972782507907 323.248045216546 -50.4113313845915
"197" -1231.41042792464 338.427041030191 41.7940126028134
"198" 369.02207634942 -24.3399637907181 37.341347673839
"199" 701.299853338569 232.918076277565 -40.8229462667793
"200" -1265.03980085325 328.332562192379 78.4904189694647
"201" -46.8312663672933 184.360650032606 53.7256699495251
"202" -330.095701073262 133.454140467543 80.8611966597704
"203" -500.272361409809 324.130946896344 -34.5201893704835
"204" 286.192613061197 198.595145430922 -28.9731441037346
"205" -363.212270582209 269.700130444434 45.4029270015212
"206" 565.710618548358 195.685677399727 -72.087828452691
"207" 1179.6674411025 168.847478854069 96.4890386843134
"208" -199.454527671573 84.8751141903841 108.149209703317
"209" -9.12903115136689 82.299669888839 39.8542561119573
"210" -159.455664647218 86.4782336644619 73.0815436626179
"211" -284.527409031012 197.901324677585 8.49514917733432
"212" -36.4447639235932 55.3485431814643 96.3439276282157
"213" 1053.79797201331 249.525345149059 32.0800845145401
"214" 873.43574988646 245.77702588036 -84.5347453274559
"215" 542.787107901252 270.670439557157 -79.7086754719229
"216" 1080.3636405317 220.47167162944 113.718340456622
"217" -229.243737097707 157.633240595814 67.7218646725794
"218" -379.794382614563 89.8997026094731 78.8726844995467
"219" 1296.92739773932 84.0985636481642 -5.99421777354806
"220" 142.075623352571 178.747687586272 -54.1081411791829
"221" 1277.06743832396 -67.7890848501647 -5.21007385178287
"222" 26.8211134811522 32.2285980677106 72.1569473176485
"223" 863.143462069371 180.73508324155 -62.0660479553334
"224" 1259.21059113681 -41.3940535540489 -9.64194129692871
"225" 945.931093541067 -128.867818189046 -29.9452516289866
"226" 711.110262887367 115.569178533115 -42.4931522315146
"227" 1021.10289095207 -24.3309840831003 32.0699485887399
"228" 1021.63781379263 158.417684138449 66.3011777847787
"229" 388.408489070195 -196.006759436751 -39.9497358782573
"230" 1097.79230947733 33.4080345018371 39.7494900899313
"231" 964.464708571271 125.567666124631 76.3518676240089
"232" 705.300935698939 -145.180794449579 -22.9022485482961
"233" -76.7623423883603 59.5785652930671 15.6785049506606
"234" 779.330868781735 -237.675073344929 -53.7792122315805
"235" 318.968147781414 -6.99123004535976 -26.1153238851115
"236" 793.162866204837 -62.2499558566531 38.3004699227802
"237" -958.413925486436 -2.67918828438595 47.6999916561165
"238" 167.374479141032 -203.515821177892 27.7477171451533
"239" 203.421385760927 -174.655183039733 -3.42624057302255
"240" 273.954764412772 -193.888128229994 12.5945536391676
"241" 588.776881660376 -222.68897208891 14.3382116058094
"242" 54.5950430299913 -244.105146955938 -55.2015721457855
"243" 447.61641341792 -177.100506488488 47.0356334330639
"244" 192.342833445665 -151.976138200478 -1.01746401940546
"245" -94.796446636086 -126.422254183365 -18.118911957939
"246" 44.4423382520826 -193.334465374071 -31.6344464026395
"247" -720.629534700805 -82.4565197714674 17.8892569738619
"248" 179.515181444312 -190.193615688967 -31.1372669849895
"249" 203.883006420573 -146.381769514967 -9.73810475420055
"250" -3.62936495356209 -69.3299803186642 35.8734983028526
"251" 342.301815868683 -177.297900622588 28.8100541141875
"252" -3.42340430641854 -163.439192802195 -32.0260197705013
"253" 318.340016278434 -17.0114779174668 9.38918666370005
"254" 120.690110301552 8.17232715795138 -34.7296894140897
"255" 286.589547326721 -25.9077624350635 12.430698034361
"256" 748.099074903698 -153.997943039545 -15.8456117405536
"257" 662.173876944469 -136.974242363462 -6.64953907209584
"258" 405.772085090302 -67.6143585219676 19.7397217010376
"259" 182.546595775022 -131.644716059475 -20.4109048533458
"260" -60.2371630638239 -63.9396058082107 -5.25976490424607
"261" 141.12567226298 -272.582383389738 18.511520599472
"262" 131.637176239772 -314.224371844435 10.4573263315918
"263" -150.673735318117 -183.80663246375 -19.9119920544938
"264" -33.5757163480424 -299.56084641456 -26.843985356754
"265" 128.224422228738 -294.50915605375 -68.9576993060645
"266" 292.829550288479 -357.387197231934 -42.4855192888814
"267" 15.4763128011803 -218.04530355147 3.1872803013511
"268" 811.849599157055 -308.16400618515 1.14899467912251
"269" -52.8909079897336 -320.375669065402 5.92137093422608
"270" -410.001879558847 2.67711254244532 -17.3165278501597
"271" 110.570123255172 -2.30561330884968 -37.7718694550497
"272" -2.60586247305207 -177.252529203984 -3.15259433868559
"273" 337.870800351502 -339.110510452763 -25.4162242264191
"274" 39.1050727348089 -121.059923666609 7.79744165688992
"275" 53.0629680213791 -29.1495091544544 -25.7397340299879
"276" -9.21021492197494 -2.30144785540507 -47.5036335389279
"277" -78.2596630837011 25.9117180697775 -23.0874654617618
"278" -0.403724666423911 -87.5472700232362 24.8583638396762
"279" 135.316682568942 -368.950971352729 -21.3538443607794
"280" 145.904093687353 -172.350509852989 16.720657165345
"281" 553.402293909683 -110.11162664714 -21.6913287672659
"282" 125.473500757756 -129.398322527801 -9.75786004965904
"283" 897.293347087622 -407.31418442366 -48.197847730008
"284" 730.372991675494 -147.955569103048 -46.465983852632
"285" 499.652697396507 -292.246949834564 8.9180742733187
"286" 232.909297368355 -187.322493937318 -6.07440428569184
"287" 382.723176201637 -77.4091161298362 -16.5925439643531
"288" 1993.94662381972 -446.497380712539 3.29904038030448
"289" 1194.44876581349 -363.951822918328 30.7984633464036
"290" 860.400144475603 -225.270039557714 3.2443291961917
"291" -824.05277436348 -117.238365598385 9.76586014203641
"292" -547.880692810874 -47.3177244483746 -12.6271784320387
"293" 1045.19637233026 -48.7585613300628 -62.2003909740919
"294" 1220.9377476757 -110.3042725809 -26.9093318763151
"295" -234.669467686765 -331.572499171909 -36.4529276819717
"296" 132.15531680022 -11.663063304138 -18.2265445547102
"297" -357.712506948258 -59.8946645341317 -33.440084552418
"298" -1267.83823008315 -334.130388369357 -46.0099293469944
"299" -600.431881533547 -199.574214428266 -24.7256332540678
"300" 2431.71582051961 -271.951381643128 -49.4424656237561
"301" -559.625105308493 -155.51473141686 -10.96108696204
"302" -992.857883710903 -303.594870508727 -58.8596892956778
"303" -1089.67002067387 -288.701418353848 -70.7596717459001
"304" -1105.2961922591 -274.338850282057 -63.513996137883
"305" -947.578481073271 -250.119974737974 -49.1676721869382
"306" -454.814579670033 31.0097005827802 -42.2587960085455
"307" -314.05438023511 73.8104390882627 20.8983529275807
"308" -1199.50902653936 -288.409530038317 -64.6432126621918
"309" -1358.68402842906 -211.410387852775 -53.9396612112292
"310" -1324.38875432014 -225.011149750192 -64.6000336812695
"311" 48.1918300154944 -464.049109731459 -38.1278620878485
"312" 1101.66583880496 -282.780721575869 -45.9639304777939
"313" -7.33174877262134 -524.173778781551 25.9980109145225
"314" -992.87195301744 -304.566547354245 2.58789348666115
"315" 835.133494039655 -451.850045339758 -86.4693233602729
"316" 971.09436476291 -320.381147632834 -63.2398542970172
"317" 889.407477909744 -307.500638465015 -59.1543457930549
"318" -23.1333161851402 -445.668181350247 55.0583906691241
"319" 339.408446058219 -260.711415426854 -59.2787596070318
"320" 347.43356993323 -95.2001386185538 15.8769749869872
"321" -747.001239109724 -180.168638538343 5.71361396154653
"322" -686.582118381417 26.8780856074881 -2.51588304212933
"323" -1418.56452958903 -69.0419359721685 9.09344718731897
"324" -127.079276212512 -297.981833481067 -68.1538224857099
"325" -391.403086092443 32.7676609285531 -8.71499646362662
"326" 267.309884841186 -213.860810583585 31.7893549567548
"327" -351.471407995022 -65.7950345204764 37.5579818790117
"328" 182.518280455153 -525.995774224166 20.4786462552885
"329" 441.684693811176 -120.133962458346 -33.2645353683283
"330" -32.9837528563953 -200.97814644053 -54.930700192528
"331" 354.887117523988 -229.781485451424 -79.7788540445399
"332" 127.156090450011 -8.24626157075658 -36.9698190406955
"333" 563.471084274678 -256.153227167187 -64.2347339543998
"334" -896.021648279925 43.8967844030174 6.399369543722
"335" 235.366975535609 -9.35616793096345 20.3660808114182
"336" -1294.66883288021 -149.848911750548 13.2172402555384
"337" 770.601353798715 -339.21939902045 3.08601979880001
"338" -12.5581294553641 -195.259725196214 -1.23845159757773
"339" -129.138662023945 -234.780425549112 16.3184100510345
"340" 191.745005995602 -242.688232281711 -50.1780625185359
"341" -597.535387890036 -14.1903972980914 -25.8186603955302
"342" -513.364475611973 -92.2774700794267 26.6637536410504
"343" -713.146437825341 -148.556019913019 -45.6715401291389
"344" -635.858027024271 -126.306528674249 -39.7289179356728
"345" -588.994680468936 -94.5020903696542 18.0130492811701
"346" -696.062904048356 -98.8775337758368 34.7832667321676
"347" -412.581026070366 -168.410540563077 10.96175338249
"348" -941.926879037464 -168.198676499759 13.5861060189466
"349" -464.063937196615 -221.369331575721 23.0358324246174
"350" -246.248067926396 -263.339964113092 -32.5890408749536
"351" -1097.75951699766 -119.130840954403 -30.3197001573668
"352" -1360.91931435984 -53.1199846430031 11.2725784706675
"353" -239.668457381737 -335.648917967438 25.7786536372462
"354" -1395.35489617864 -220.662087397902 -3.64388373475936
"355" -188.064979739917 -371.392144973949 18.8267803542566
"356" -449.757788381062 -290.454362847057 -12.8300947676926
"357" 208.281339544039 -195.248113546687 -26.2078535413381
"358" -1122.05785407201 9.78743858233944 26.2508165410434
"359" -854.493320414353 -56.9638673432164 10.4488878643507
"360" -150.623947677882 -204.376881867091 -22.2464450019139
"361" -838.76135407582 -25.5129848434994 20.6651287473015
"362" -1671.02167272411 -19.6734204803722 21.7356303259837
"363" -583.246701419857 -51.5084017127005 10.6780214318678
"364" -648.242807297065 -98.2454263195993 1.75622433507134
"365" -577.270459352498 -144.84979699899 12.8600450708827
"366" -552.345446268241 160.182975614597 -19.4184145493081
"367" -9.00595782347 -28.4754742590664 -30.8931057722036
"368" -1236.32552380855 190.621203681906 66.9208841267725
"369" -352.352681001644 44.2966410819521 41.4557147408025
"370" -833.650589013844 174.104832295192 -27.0938353413618
"371" 706.932230316672 -117.991038005815 26.9030984325576
"372" -1027.34391139143 165.888575482177 50.2384136118209
"373" -1470.14837350094 173.000527554556 -33.6560237358846
"374" -1135.75031446442 109.307879320873 31.7177307889878
"375" -2335.26147081381 60.0350664927516 83.2498902763303
"376" -2377.93285767356 48.4579434179478 98.3729877236553
"377" -1922.66850876391 106.650635709408 32.7058051141573
"378" -1137.52053533852 -8.0730699646739 7.47527515016016
"379" -1322.43789351944 127.268857512239 -27.9338054334399
"380" -1371.96982778592 145.072916005823 -17.7789934277821
"381" -2555.06758293235 210.605032981724 -54.6256425116948
"382" -2466.44274802755 154.592270357675 24.8825777879895
"383" -2463.33345652625 206.117183351109 -26.7808638727626
"384" -3818.90577255518 -188.408040125714 73.4974123792985
"385" -3193.43672361945 -203.45394980942 -4.45253657475473
"386" -3133.2769756697 -217.893845705565 -7.00229275411767
"387" -2721.62997444973 -271.712132406932 -16.8140436693892
"388" -2587.26591383406 -238.862108205543 -16.3527615093194
"389" -1802.49694149753 -267.063558483752 14.9646127987138
"390" -3153.22011152364 -5.91416022009326 28.911555515376
"391" -3083.99936711899 -105.069097788323 94.7293171152948
"392" -3079.99552124185 -172.937501298048 66.8465231810453
"393" -3263.18483671107 -105.867870158571 26.5920846369335
"394" -3243.69815758796 -110.692163800602 100.389114508814
"395" -3141.17453122922 -159.145245009229 27.5344568699573
"396" -2922.15878796453 -207.283320466442 -32.356083472552
"397" -2979.51525318716 -106.398319100482 34.8658605729569
"398" -3089.37956454972 -144.434852627213 23.4315199689928
"399" -2521.80786917815 -164.060295432589 74.3953404193475
"400" -3056.07259185446 -108.297925865675 45.9201732589243
"401" 1390.30168904117 32.9985524322358 35.7441375650929
"402" -10.8249764872641 -80.9620757723389 3.46973552472618
"403" 445.221928458323 -142.439815043193 0.622820496792303
"404" 2925.31226454899 137.884062187904 123.46617064808
"405" -1190.0222100204 -109.272902927148 32.3246862783582
"406" -1336.85213704734 -153.956829235759 51.015314475313
"407" 1661.83666103829 -325.222334950005 -31.4879356952051
"408" -1368.00705587684 -150.009291927967 37.8668698913018
"409" 954.2154327266 -154.442057662421 -2.66482340914922
"410" -1169.88396232681 -200.188024529038 38.5402184944324
"411" 372.913542073512 -272.554513036285 79.4870644766069
"412" 807.375204964383 -68.2020782806935 54.0164543536334
"413" 950.978475565154 -187.633113291804 51.2663778868705
"414" 602.307104445799 344.259618924492 -111.752687079574
"415" 150.259659646983 -149.345780790795 13.2413101871165
"416" 1586.18011407234 -311.268361796954 21.0916110444986
"417" -808.645960445779 18.9014666071002 43.307070141356
"418" -325.276616916492 63.3131933401433 -38.1852759704947
"419" -357.726028723305 91.9492289283757 66.2721057829048
"420" 2536.58317570478 -110.033201443428 -50.7850015631454
"421" 2694.06349369003 -92.7045294464382 -58.800341839763
"422" 130.0663733706 93.9718825106589 20.1936236667209
"423" 2064.64591308884 -236.497901842189 -35.1852088335165
"424" 2602.80439626681 -500.660344072569 33.4143252911972
"425" 801.268864004752 -138.628537555948 -49.591018865289
"426" 118.786243589361 -111.858264843867 -132.829561124493
"427" 218.723872236837 -392.519526711832 -0.930634423933225
"428" 829.95365603918 -192.92067019105 32.7434480492643
"429" 1574.86339077264 -363.810646086247 -16.5951583699211
"430" 2020.40317934596 -334.767736134264 -13.4113206386739
