"V1" "V2" "V3"
"1" 691.730010267335 -299.028648020636 20.3060555705942
"2" -1756.95942906246 4.87259739021025 9.14284639681539
"3" -1525.64264567318 -75.0095205062378 -8.3946249206945
"4" -2403.4127398355 -209.809890115797 -17.3421642499179
"5" -1499.2649281011 -86.940748854767 5.71497682227042
"6" 1442.7620419808 -204.90886222297 -54.4038397096592
"7" -1612.52302003496 -55.0827473571509 25.5985759702666
"8" 1581.03200196681 -258.017810538617 60.2714250115189
"9" -1808.34072008762 19.262617303342 -16.8050764810423
"10" -2262.01600080315 -203.801249252253 18.3712110891931
"11" -1684.51415199559 -221.113133868434 -0.122399522628499
"12" -2834.38132317107 -78.6863812926786 -9.99718908513866
"13" -3667.23377502536 10.671835680211 -6.63509146624023
"14" -2955.51013023454 -59.5521585722216 -47.136373892421
"15" -2894.16550292777 -157.797878113502 -75.9927602276419
"16" -4248.76139903763 -21.7682521464198 -18.2761060834234
"17" -4465.38905202828 -272.226825569785 -35.5703052674222
"18" -3273.77957346898 -29.4478588707264 -7.92163817440319
"19" -3335.48429803783 -63.3779257548955 -22.0211521484326
"20" 17170.1449625865 -393.426680986553 -253.82540410601
"21" -2845.52258580351 1.99413636560752 -46.2751880540987
"22" -3819.84778697737 3.77268009151461 -20.9979924716498
"23" -1504.78812792507 -26.0535217291073 -42.1969479332667
"24" -1085.71604573123 -55.7587447179233 1.09728514016595
"25" -777.480284085772 -178.16515574519 64.7383267061907
"26" -1559.20139154071 -110.17112437416 37.4019645185513
"27" -1787.55064858375 -138.316058555821 34.5885242203801
"28" -1927.79698733874 -65.6026136213126 -93.4676758726025
"29" -1682.56158604476 -90.8414653504404 -10.2605367022165
"30" -1452.99898682928 -90.5981907198638 -26.2500279694182
"31" -882.339383448509 -280.987338200992 70.6848394195629
"32" -1100.07128760278 -280.104272290209 -33.9882492451085
"33" -515.952571343577 -288.14311077057 -58.2567773068129
"34" -1598.33264133666 -131.407552164185 47.4811980073094
"35" -3461.36347630806 178.005232668204 13.3539142821504
"36" -1704.0705230197 -100.53228852657 1.31118123891712
"37" -610.157154839489 -259.497390374053 35.3681046216023
"38" -1731.79512101883 -78.5424957863371 -57.7947011884923
"39" -1875.73712560663 -91.216416510362 -4.47032744103149
"40" -2415.15994841288 52.6907302110537 6.68106677410371
"41" -1448.77512379775 -102.723912406084 -4.93580530942095
"42" -3234.44007562275 24.5070025079638 -12.253109092496
"43" -2790.93138600232 123.952020944958 8.94489803103416
"44" -3365.69771870139 110.1585336672 -12.0845545246245
"45" -2212.01237950217 -22.8567598145272 31.5882007347954
"46" -3527.74934182437 8.02970271799149 -18.6244982552471
"47" -2177.5248356133 -89.097634840054 -5.30658208653218
"48" -2552.62959301366 -34.7251014886111 19.2082708420985
"49" -3425.17825921445 14.819191190177 23.4368490995778
"50" -2027.25784936624 -134.607123708053 67.539118055377
"51" -2322.59685862629 -102.175138808049 50.7866649646565
"52" -2417.93897427676 -30.0214319622716 9.07901450259134
"53" -1795.83396249244 -41.7623968840194 8.99158393081977
"54" -1732.16686310678 8.95037627778218 -6.70475165417678
"55" -2367.74511224377 -149.007178863645 0.769539040402526
"56" -1833.37331253665 -73.7520103675803 4.72808130163786
"57" -1439.97076741429 -228.674573276202 74.9540975211315
"58" -1708.13771579636 -78.0951480173752 -8.15408963221826
"59" -3400.16540651728 -161.436831649392 -13.715997351359
"60" -2035.08854913605 -373.870036795494 -23.3897301593989
"61" -1686.4838709064 -257.763924782169 -0.690192344915696
"62" -2000.35019754107 -139.203412380188 -11.1062347312552
"63" -2347.29573692571 -204.363080254878 10.9943743749133
"64" -1605.99821373256 -286.722997556341 -18.8266822200449
"65" -2060.18083163686 -207.450003585323 13.8800257334205
"66" -2421.21681899197 -48.2377995834015 -3.81476748434392
"67" -1180.08961850505 -328.323641829161 -10.0998809301784
"68" -1409.39752281073 -404.38771415894 -13.8595859113693
"69" -2331.57638223327 -15.7938956692036 25.9428620298295
"70" -1209.13321717475 -448.466470318451 -33.3499749885393
"71" -1112.08580925084 -355.817868714803 135.611250927039
"72" -2064.97695864563 -108.163741851033 -12.9748109731096
"73" -1914.61516110334 -174.466699843232 88.623099958694
"74" -1061.28823622162 -521.707561599084 -41.075741135275
"75" -1314.15568018719 -165.571490630631 25.1911003399295
"76" -1132.77025267205 -334.278020581821 4.22705617204053
"77" -1176.73817689173 -429.444432854567 95.3286559269655
"78" -1046.40875025691 -238.539462595786 -15.4715763125927
"79" -1933.53849201857 -342.545798337273 -2.6391041805341
"80" -1645.97083292445 -235.789962281553 84.6456299946795
"81" -1521.00922644203 -418.924039707269 4.26260163696702
"82" -941.018036355214 -140.159781379174 -24.6243061945252
"83" -1238.11653772358 -272.822191323012 -28.4409442148797
"84" -608.944673182063 -232.54936613423 88.8410083115808
"85" -870.685720946373 -261.149214839139 64.6873026002123
"86" -680.199022571588 -131.614267106344 -48.5864043783055
"87" -1339.08919119706 -266.851536103137 -57.1280719388187
"88" -1598.20653954369 -32.518323275573 -30.5027722108196
"89" -1490.19478546826 -133.249813711419 18.5858564663529
"90" -1211.45647106215 -49.7953449247322 -26.9426297621642
"91" 1091.37914393163 -270.814961512139 127.924821736317
"92" -2268.19352517008 -28.8722316724686 13.0329278149196
"93" 726.667544256014 -104.214975130918 -27.6904970894897
"94" 1285.14082306648 -350.571161090431 -38.7677984233302
"95" 1160.083531485 -382.725933303027 -68.9529861808916
"96" 1765.70514929222 -381.759535261584 -77.1020948315804
"97" -226.904139871676 -368.926319241847 -47.704919150117
"98" -2171.33934198856 -38.1880490371014 21.0556298348462
"99" 1043.47694430088 -433.686355080926 -41.7339299243982
"100" 1760.16146943416 -474.022686360797 136.547332165963
"101" 45.8874080398849 -408.72922892385 -73.1643707290203
"102" 585.304007838124 -213.757286602758 85.5035990241036
"103" -1141.97597698578 -103.663443434505 -14.6323218277691
"104" 860.420865328477 -297.472811669014 31.0174514903168
"105" -69.3913566407646 -403.015499098398 -39.1782709561841
"106" -119.060621491894 -277.363886124357 93.2185230796452
"107" 1319.33594465393 -175.569229223365 -36.907137090133
"108" 2193.75596463925 -389.996190136208 -28.1124976649051
"109" 356.701187493925 -260.941217912409 30.8374616929209
"110" 2248.16123655526 -241.962226342126 94.0110814906064
"111" 506.109401301591 -177.045043743976 -36.185966093292
"112" 62.1858899209565 -180.809228195868 77.1211850815946
"113" 2022.67703380061 -348.942255974199 96.6359377021927
"114" 2163.7337845774 -320.599741532433 103.667947876982
"115" 677.388018695394 -183.638569233923 84.0415133931725
"116" 4609.84311569071 -342.426622547843 128.366591820402
"117" 4307.10972643712 -349.352201662906 126.355742642169
"118" 3087.28076204843 -483.853359796622 120.888076375995
"119" 1105.13279636743 -67.9252588689632 65.1749627312755
"120" 3340.90343688426 -505.89115237274 84.3207009277686
"121" 1311.20230012873 -77.4343870441571 66.7357152426374
"122" 1504.52722675879 -264.090841701638 38.8569000264455
"123" 2553.13414141475 -410.316955936469 55.4929261754321
"124" 2358.50130735387 -227.111829408709 41.5725418065478
"125" 3355.26572833038 -322.020936906107 7.24324268920402
"126" 614.97261220812 -114.155291507822 15.2128896405889
"127" 800.870696553828 -78.6904296683387 -32.7492715254195
"128" 1066.5054658924 -254.092795493146 10.9042002511779
"129" 4369.24857148274 -122.233543120626 2.86392578357922
"130" 2726.81618479416 -166.953546814084 50.734296062297
"131" 2003.31887887328 -120.914177484656 74.4612580776642
"132" 3965.01083415682 -214.145884241889 22.1617162763109
"133" 3374.61545528253 -111.405506240314 32.2366596734682
"134" 1349.3772284259 -239.537992274539 -23.0178545275584
"135" 4274.29085646057 46.859483854467 35.1618557323269
"136" 2893.23383278312 -138.407779902725 66.947712146853
"137" 2126.12056234321 -251.46437882086 3.29789165170851
"138" 2313.42117324185 -235.230718380898 84.2904491828706
"139" 2191.67415313937 -194.304838240563 -39.238192905003
"140" 3648.48794796965 -132.618432030682 47.8772973410638
"141" 5087.66842136555 12.0917621990116 51.2652632643418
"142" 3044.0201758228 -198.669924943826 73.9255208725648
"143" 3232.19690573651 -253.174628090229 122.075911418609
"144" 4383.1734804941 168.524174938457 79.1603745735103
"145" 3001.12288881194 8.3369660110423 31.5522557839863
"146" 3556.63692026716 -116.882070250235 81.0207337803058
"147" 2990.92804649629 82.719820784154 7.30426480548261
"148" 5021.46292726942 158.863937807028 42.6189452952925
"149" 5326.95636951343 -182.440205628004 3.77059970229374
"150" 5162.59502659111 93.3047462569114 20.5297109817793
"151" 6736.15120934356 598.656611907897 21.9940925647128
"152" 3945.42269552801 114.927827817386 63.5379821983682
"153" 2609.06117341503 -42.2803058729683 -1.36926805422195
"154" 2560.68829956915 148.234012342029 8.90520058329743
"155" 4286.57388417886 216.612350157477 -16.0321975743582
"156" 3460.99049493211 260.937147688443 -21.637418495584
"157" 6854.51200157243 589.630033051667 -44.489031952413
"158" 7029.30969788953 451.740514063453 23.4198277790194
"159" 5311.81947658335 360.029554628299 -3.05823944803649
"160" 12995.0055888258 -159.552675761814 40.4952376280464
"161" 5227.22791847361 -341.312847068797 -180.948631541176
"162" 3319.63790835816 -116.989291434412 36.6497066641858
"163" 5289.1556571028 -210.155676478762 -277.841494144162
"164" 7834.43869822335 835.808985663808 -168.29138192716
"165" 3796.6134376051 211.421358563826 14.4757885057157
"166" 5250.72519078703 -164.000072433956 -205.374163490163
"167" 10081.1224671735 -398.020905214292 -199.389338878483
"168" 6256.72077903216 -328.527276952458 -187.014721093334
"169" 933.981635006975 210.240096761331 -48.4839253508415
"170" -23.9829060839688 81.4406537586967 -13.0239858843648
"171" -233.786959637115 169.454447928533 -32.4740822905713
"172" -136.769038430681 -28.5750884534773 -75.1719931869975
"173" 496.901649641411 274.983956235286 15.0405587514131
"174" -62.9604066265932 38.7125753025961 -57.0542852869192
"175" 1239.80728490116 -189.746552913018 -67.3012224067086
"176" 374.647789380209 -223.376971983929 -9.34662308501582
"177" 1012.46242267017 -364.892493249082 51.5839970407979
"178" 1846.87963689332 -198.770405385557 -129.670352874004
"179" 798.3205483714 -427.550445435902 -39.8569484960709
"180" 43.7147004012352 -455.333538578798 -60.0000769352513
"181" -282.794962270394 -298.530105952958 2.51969455142416
"182" -121.94823804756 -445.144161728416 63.0971090230689
"183" -245.209887865052 -394.591561749898 -48.7967391142703
"184" -158.883883505247 -287.970389781826 33.4345732077697
"185" 757.198213732754 -266.877148215567 -91.8004224085972
"186" -1297.40973123439 -174.632403944732 -113.208968060963
"187" -144.807897081201 -359.56648188892 46.3847650047466
"188" 402.332551496949 -81.8312701094827 -63.9540788108098
"189" 83.8866132003565 -242.679345859977 -125.589424992468
"190" 1145.10725522809 -397.050028703857 74.1851971497341
"191" 385.214516950745 -311.243265098305 64.7623785449204
"192" -677.15665378021 -308.373154802992 -5.31674701315296
"193" -1462.94217032847 -337.714691523058 -65.6359584953158
"194" 603.078957665941 -50.6284231641346 -10.1398612597164
"195" 404.459486402184 -23.9750584146513 -85.4982950220598
"196" 1083.42292220218 -194.978379627453 -40.4285811525136
"197" 1467.1692932105 -239.023247355604 92.7496768364125
"198" -602.178416148 -153.675618868837 -52.0279361629959
"199" -31.5025780798987 -129.491117653446 34.4158821464714
"200" -506.992313953092 -215.634156478288 5.69840239271408
"201" 916.144655603646 -238.886727191607 -89.305994139054
"202" 317.897378852039 -122.984261706159 -53.2330999400966
"203" -216.179108906173 -61.8984913642789 -45.1508218400114
"204" 548.574992820309 -270.011625335508 -71.5972298551126
"205" -324.166344425676 -179.297114173964 30.4797627184335
"206" -520.40479191164 -110.833606992177 -70.6375366520466
"207" -811.472668608013 -57.577311811394 -54.9406564407776
"208" 1195.19932954877 3.67186426565801 -24.4955531278789
"209" 778.300515535629 -230.748257758141 -11.9921574658506
"210" 87.8968369262762 -190.000638660621 -40.7198696553475
"211" -282.862456715583 -134.907756450944 19.7556925256203
"212" 257.129046820227 -164.73366066274 -28.2933376428202
"213" -347.473642032923 -116.980536295013 11.6987085844639
"214" 1420.46138583171 12.5881939189952 -6.10081978759525
"215" -33.1872351826306 -20.2661835101484 -37.8097229809778
"216" -848.7095596964 -78.728887528082 -55.2778451477109
"217" 440.692643184495 195.400700848083 40.2321359764953
"218" 930.897574744104 98.9272743881363 13.6032206035816
"219" -236.327069619172 -98.8875431923694 -23.3899564970442
"220" -759.287821258802 -47.4737607379585 -53.9599652775578
"221" 183.011330433543 140.043676099038 -35.4188792379443
"222" -675.887148241671 -95.0670127960232 -37.0650947154376
"223" 671.799024947732 137.377683079993 -21.308399638819
"224" 277.916112714681 110.287018518221 -35.9766282113113
"225" 690.088543508452 33.9282736218931 -31.6391635454659
"226" -30.579079181091 129.661071081468 -35.5400160224148
"227" 823.99431651548 101.370366410174 32.19324337931
"228" 73.4725642568405 172.690458851613 -5.77419872036095
"229" 74.2715275927038 155.821431641216 -16.3215764025796
"230" 189.855271689954 166.570485303994 -14.8171755613145
"231" 281.295725823618 130.177084548094 -23.3995996189171
"232" 564.587407779594 18.4608992101326 -16.7239843445296
"233" 54.0992614617722 176.347959128385 -51.8530853125226
"234" 317.584021980274 162.495843440617 28.1312964324899
"235" 253.758549456762 254.102415608583 9.52115937574369
"236" -430.587162688097 84.0033108969189 -9.96169991695814
"237" -95.3169232870584 168.20734522925 -15.2829252633662
"238" -512.849486950176 28.5305038171378 21.9578117032989
"239" -39.2071816098164 126.928194585501 9.77141135181811
"240" -97.7514058475616 193.666251130859 -3.71075519976872
"241" -74.3657735920547 -24.1756866500519 0.377064968351122
"242" 2.79239199139541 69.6614416016707 8.90883752976049
"243" 189.673720552655 -14.5559927846002 -12.2261765143583
"244" 111.064594481626 214.075383548077 42.413007574784
"245" 377.240492569279 129.639947791998 19.5848241500748
"246" -267.35744037514 122.126096501754 -25.8316967552433
"247" -82.2087122980145 114.818868240542 -11.1413787366043
"248" 518.38487511833 152.886680867877 -21.6029620335281
"249" 131.830710157502 260.888603695125 42.7118385181578
"250" -452.236957458504 -101.987319186294 52.7018271374105
"251" 618.087469863032 232.553269361904 54.5533243902798
"252" -1088.26301979217 -45.5341133776867 -27.8066980887871
"253" -178.378079103636 79.511883586556 8.45980630264202
"254" -333.35759133205 97.5535667252391 -9.86388368016944
"255" -480.359546735572 249.850215721127 -6.98794985798958
"256" -607.252343801133 128.998374835541 27.4103590936977
"257" 527.800626935655 369.837061851759 48.1936345720551
"258" 284.194424945153 379.425694203625 -49.9978376330729
"259" -105.530595497344 348.082595762076 -24.4444644668242
"260" 240.359855877697 220.281760979475 1.69073774370573
"261" -549.152909900238 92.5025543159907 37.1666030832982
"262" -447.677020780827 138.83584446195 -29.022244407584
"263" 529.961639654593 279.00088296072 36.9747846347669
"264" -267.507395707863 305.486747019988 17.2695866127626
"265" -405.519362071915 47.3447269273634 17.9329586645252
"266" -568.614928114338 116.027515876463 55.7635227715245
"267" -70.18513187863 393.650125537497 -27.8918479900969
"268" 434.247271029596 252.685528092112 -2.41218622170035
"269" -377.785882496282 74.8194995817359 26.6565314248812
"270" 489.538617882261 233.039986977234 -13.9544756719415
"271" -268.708388675169 74.8383581215502 2.56910549610913
"272" 616.752420301723 263.234753452968 23.3621783191098
"273" 130.140736668007 450.287165264478 20.0345495482022
"274" -304.722747523937 238.53454416335 2.25642194606571
"275" 474.888075670444 271.445603441689 -6.17613234770411
"276" 264.768982199497 459.758987738492 39.4413473706312
"277" 474.856134825705 405.103917976083 36.5614200320852
"278" 309.476610767569 421.825282500349 27.5114542767515
"279" 199.520312839397 282.536278872437 -5.97504785878999
"280" 42.4108478096288 291.51098958362 15.3339579615746
"281" 400.266860650965 106.090622106164 2.05814786805591
"282" 283.962131772864 84.0990331562889 5.72689420317919
"283" 0.939072358308791 70.4691701440103 26.0782377296313
"284" -515.125883166443 371.953820168625 -50.0755484186825
"285" 173.035494513707 151.676106660042 45.4033997805578
"286" 530.597623622714 261.611903334208 27.5583271585215
"287" 295.422699073891 156.613992665822 -2.09586795066142
"288" -506.405434786833 429.074866698528 -64.6251619483565
"289" 1661.8894683844 550.864770022375 11.7024874916039
"290" 983.761394239006 67.3354940388308 45.0787957475844
"291" 174.770502687562 -3.40557858070895 35.307991329674
"292" -168.09316765706 409.583621307292 -83.5840206659571
"293" 867.399380473911 132.059129334817 31.4825927037853
"294" 403.917138813576 43.099408311978 38.1530518150695
"295" 1266.71420125113 311.542634100296 56.5872559461129
"296" 997.302391643208 130.749641177808 7.2823599286121
"297" 1675.30108530706 87.6943567871774 37.6627798071622
"298" 562.028537237025 283.960073513845 -36.4670195526399
"299" -910.546244070295 274.780427890737 -15.0010683849384
"300" -1324.52601087289 241.616950890565 -52.4336819132331
"301" -874.666472492138 187.281676079834 -25.0617039549364
"302" -1125.26704820719 226.056519166295 -24.4400099450362
"303" -616.447167580768 -65.4064857654013 -22.3355200999971
"304" -611.853615845292 -142.046974976689 -40.3650701497078
"305" -985.271031373187 27.5919837902303 -2.57811442747703
"306" -652.62218624204 14.1903474225621 1.93463153453401
"307" -2022.44609915237 105.207050204751 41.8846906385069
"308" -386.816996330899 -6.84379139608224 11.8836282534588
"309" -1522.90221454106 59.0124107819651 16.0095990672802
"310" -63.4956469994626 458.712167674679 93.6621597647954
"311" -328.500003318719 418.953143767164 -47.8000551172558
"312" -604.033092343261 -33.517723862735 -6.58218171902973
"313" -487.235539177034 345.001323810277 -44.5575813367876
"314" 266.487919000459 227.945145963149 6.49333234863438
"315" 169.207930289166 104.848416672747 -27.1920591048771
"316" -222.526240857067 308.47189103561 -22.3748311989362
"317" 41.9937312628658 357.985250459201 15.7365578231701
"318" -0.355558764588939 218.57341124765 -1.09013607384222
"319" -1038.19030075793 28.4067473140529 -13.465269192824
"320" -626.043958551974 114.23842365392 7.74321594015985
"321" -545.564382418936 332.532285885371 64.8773021364755
"322" -504.180651400433 -20.3432080014742 31.9462715278187
"323" 129.278347021469 391.319584277759 59.7098346188209
"324" -1668.72942317828 63.1745961379214 -18.7544967401021
"325" -910.532981057342 48.4266161716803 -5.69093951666758
"326" 142.878994512714 426.298495063243 71.427761295751
"327" 304.331333369998 120.291836120332 -45.7618377370756
"328" -1386.05232177311 40.2142457538672 -14.990685448123
"329" 530.244531529115 374.852145252014 81.7626961937506
"330" 183.520604766681 522.169876264154 -7.71433722750005
"331" -318.018492484826 23.5320882177136 -21.7501554149941
"332" 968.511202561164 375.185086128257 103.50120701981
"333" -1423.98948790315 294.677049560018 -28.3862346715805
"334" 446.752799359043 505.021755666596 18.3503247830737
"335" -134.077191070281 -3.37846449600604 -30.6684312737935
"336" -6.36995576354522 -129.571438571525 33.13971965209
"337" -18.9253990389 269.417297582048 -14.310156896531
"338" 290.821631349654 264.239732881708 -2.69611276541507
"339" 139.19762437807 52.4343895727796 -23.3816875734561
"340" 380.56735079702 364.09400141889 26.9688087792758
"341" -202.951779274374 222.691383797547 52.0037643249777
"342" -627.606033137747 53.5618969785842 12.7496741718817
"343" -236.770107776035 200.129098517596 7.32085421581649
"344" -92.0853377946176 247.815231880476 41.6184341713945
"345" 898.034400765167 410.30989891157 59.466546136936
"346" -587.896087969276 189.907711550504 15.968620584631
"347" -849.559557903184 29.7029078982478 0.0574215403686862
"348" -586.953358098957 -38.845344664297 8.36656959037466
"349" -511.608362109244 189.8304686569 38.0900895217409
"350" -1369.07190099447 160.271397540907 -4.13454169849369
"351" -1775.12879249795 304.844530264293 -47.5957939189453
"352" -608.311374427758 197.18236220033 -6.04574938907736
"353" -1060.99216025901 188.659233502361 -19.5384984354221
"354" -882.577410066697 175.152194940213 -13.9348554083171
"355" -480.07575076916 224.3683822978 28.0000398018645
"356" 138.376047772361 397.494841681979 -10.6762931557493
"357" -1703.07560284236 50.5544683897837 -2.35479729436592
"358" -136.556527660219 233.570340503641 48.582427643572
"359" -1578.27285918448 223.256267139832 -16.8888275162111
"360" -65.6505810377729 335.180562925962 41.1469122572739
"361" -519.732256591573 153.851567350956 -17.099272807841
"362" -1242.44137522911 43.5068794145733 -64.6888665948318
"363" -222.500811491602 357.470218770356 28.0835165010006
"364" -1404.94314714464 31.0588223760813 -6.00484476692936
"365" 164.422682587186 237.59577824129 22.3363312364529
"366" -1054.05461013429 62.8625738763878 -33.2097928873401
"367" 179.821063055057 209.829436185861 14.4750533415534
"368" -48.581090639893 278.009974511861 29.1334090871726
"369" -770.090145344894 95.0837706279992 6.50301799781607
"370" -800.503278458156 82.5809917529734 -17.0283019619384
"371" -795.095444685087 88.7276102418367 -15.3672903615692
"372" -498.356472493796 -11.3329420834304 -46.7503498070794
"373" -255.494824126551 50.6903035533801 28.6691224843083
"374" -14.1547738895448 107.546988331531 -13.5911313475607
"375" -807.756064066712 -319.234576249815 102.930958468463
"376" -534.754105358475 -23.2044250807884 -61.4144581389517
"377" -948.74920082894 -58.2660447407188 -8.87238624428215
"378" 43.1658999768874 97.6633260027195 -92.8752318293184
"379" -1559.17117140319 -76.078570932647 -84.3730148985119
"380" -854.854753507466 51.9480167085615 -100.319225331331
"381" -1784.74492357547 -94.2988805142709 -54.7555604042663
"382" -1025.65711676342 108.038600318701 -55.5623616562038
"383" -731.664255822655 99.704742743985 -7.8418298253109
"384" -1270.44716738654 -10.4552921232159 6.12342059673638
"385" -1462.57595142181 -49.3481944990982 -66.4031653946335
"386" -2247.18390446106 -39.8056893456293 -25.2052559294287
"387" -1581.21500652713 -16.6481165095236 -80.9977742424169
"388" -2152.77508420689 44.0721255215096 -44.049215897773
"389" -1798.18097004405 -99.8896494861473 14.4149708772783
"390" -2147.83744297316 -165.977864178389 -33.9659228307724
"391" -2373.7379857595 -240.05959334268 43.8461870538653
"392" -2269.37841068292 16.2283875368023 -41.2875064055636
"393" -2285.78137010987 -118.239450295427 -49.4883608479909
"394" -2609.6477705671 -214.738367755006 25.4592425534558
"395" -2172.53893402321 -170.672300575551 -13.0501192329565
"396" -2621.88313472793 136.828416067554 -56.0376061744088
"397" -3304.03126124788 -5.5459901822516 -28.1777258104187
"398" -3756.94770953071 194.44952502956 -14.7976785768065
"399" -3307.18459533931 5.20576477328053 -29.8065416918468
"400" -3017.1293140387 133.793486176678 -2.77629854862326
"401" -2870.03158687802 232.381032549565 -85.1727927439262
"402" -2192.22726831277 99.2254194550203 -80.194440005881
"403" -2420.14931400986 69.9812287096512 -106.350619309357
"404" -2927.28913534788 15.6164370470856 -44.7246047200735
"405" -3651.70614515382 128.904644298943 -61.8823108597089
"406" -3202.82997673492 41.5084518857042 -64.7055781650136
"407" -3411.80145918316 6.45087814366092 -32.3673622780813
"408" -3261.64788660132 34.2416471780794 -84.7485513920231
"409" -2761.46294593409 237.24970668144 -51.8210254144321
"410" 857.925982331714 -31.7718393849793 32.4738661373592
"411" -137.487073763062 26.4319113792045 -30.0290991102226
"412" -413.854249818339 91.0609299597513 -43.6272926107606
"413" 29.5663116634961 117.95310408803 7.40140494527869
"414" 1198.93906687604 314.221057241095 25.5282329231969
"415" -1508.44087186048 124.586738415296 -66.470133086649
"416" -1459.66626449967 125.35308789478 -80.1146295490158
"417" 1415.44884807205 355.893886954713 63.177474825552
"418" -458.964536158422 49.01689322917 -36.8109449698951
"419" -1313.19249667512 174.840657107281 -70.8207663967617
"420" 260.730283830117 161.15059043078 -117.585539519337
"421" 97.9224069751627 -62.7224793213521 13.7726218654471
"422" 909.145673474805 323.374419052288 72.8958604203744
"423" 1161.5126468083 -43.6149225557151 12.2456648930007
"424" 309.814010288563 152.896689290138 1.64899628497581
"425" 2329.20832641016 53.7358803386537 -26.642444856678
"426" 2101.25211467238 153.295261251247 138.339689907777
"427" 6154.2618012182 202.391005555307 83.1408204992256
"428" 2273.11893756945 250.640054202764 -8.31605424966944
