"V1" "V2" "V3"
"1" 470.161180709688 -227.559258650706 -168.597776903646
"2" 14866.1621627929 -480.52133335018 99.738887110985
"3" -2637.75356873277 -5.46263693811328 -76.0561419942703
"4" -1565.6508895186 34.2117709511871 -26.6143537869504
"5" -2036.87869375539 -0.571112665516318 -12.6308277806469
"6" -2874.33922426644 119.703132386714 89.347486196208
"7" -2935.5540582269 106.08543079702 -80.3150657629441
"8" -2169.39102598724 189.664080274189 96.252905883187
"9" 2831.4658005762 -6.27280728465192 29.0739540822627
"10" 1144.09792217439 -19.6765882888041 88.2184740947467
"11" -3200.9345488548 76.8267986279458 103.676978644592
"12" -2068.24252196525 164.023347586268 54.1850889016042
"13" 13790.3460530588 35.2331861558088 -77.7080001076102
"14" 26494.8961785396 -96.4565549908339 -83.8166650115191
"15" -3441.05199150589 47.8295320567091 28.1237663469201
"16" -1613.61929541284 165.050757143854 -108.634080303703
"17" -3110.30918735277 -8.69666060428879 -16.9745505289155
"18" -2222.7738621065 158.678086364492 -2.9170551381392
"19" -2706.7983533319 111.102798539407 -26.9694194271379
"20" -4672.81369212508 233.099763938801 47.4842962371797
"21" -3919.48291698397 108.413618194354 84.2502144120829
"22" -5087.93704605096 199.732061941738 54.2922166298938
"23" -5073.83059318562 250.440148668853 56.9783257932145
"24" -1496.45863814702 109.720959256803 19.7301802952165
"25" -5209.29581968306 206.409556058744 64.6137278185886
"26" -4046.26330150031 175.676647579535 18.20002097811
"27" -4016.84993372893 -36.4376469355704 -0.226724292939595
"28" -2895.64642108049 -194.051022906907 41.753088847749
"29" -1709.6983753208 -257.751721100116 -43.0836310561693
"30" -2092.20831572845 -151.877918719537 9.91353842322467
"31" -3550.71972812304 -90.5750099591453 79.0284969402676
"32" -2368.93680977117 -270.876911774002 70.0621666297306
"33" -2099.59772757097 -53.4138777618285 105.523660997276
"34" -2047.7454902134 -260.067684633947 -24.2128241661224
"35" -2515.24585326356 -188.402173018848 81.7415469790772
"36" -2661.99863850025 -15.5787347545596 88.9850683586446
"37" -2471.6544511875 -303.733170702633 5.96348620427711
"38" -1972.45245755786 -207.895293990419 -5.49658695925719
"39" -1722.81758606073 -328.731514832964 -16.2563823059041
"40" -3114.99154768594 -0.948045166260069 14.0577795967585
"41" -2698.66765241324 41.5040877878441 68.3800643401039
"42" -33.3210847502822 -241.822457079466 -25.2051030016807
"43" -3938.87184635688 278.941280223052 35.558826211729
"44" 478.720672099825 -4.10424675314975 152.176633811621
"45" -891.151990723375 -8.84642691216726 33.8667903322704
"46" -573.645222667813 63.0108821584358 88.5811165952924
"47" -418.019495556058 357.224477708936 99.938527291689
"48" -925.685035564046 0.914646967257999 150.097792300689
"49" -1320.65325191394 384.256115170911 115.718276323284
"50" -1988.44676023662 186.387290580657 107.540740827859
"51" -1613.71313783416 111.165481254652 40.8515724507485
"52" -3201.92968628445 108.869361975156 58.3474558616539
"53" -1804.15844280301 119.817181766839 -1.24716853288293
"54" -2594.81261287634 103.831468322425 -9.70031457985763
"55" -2617.34899085109 270.008800161943 149.289754182785
"56" -1802.82998268734 13.166231824209 -42.3596347735678
"57" -1887.20442723236 -500.123333637302 -147.805117009847
"58" -2417.0884804761 -185.939488877574 -65.5833554537263
"59" -1807.05061522223 -409.166184711444 8.87275674138577
"60" -3016.44806771664 316.241622799565 105.638249349503
"61" -2906.39672517271 -349.370890101327 97.5042397196274
"62" -2430.87645499476 139.72447408138 21.4791012869404
"63" -2460.65849757768 104.387305190926 86.27897148222
"64" -2536.02330397581 32.4484052211527 50.4086098627959
"65" -2569.96208368664 37.0542627944655 39.0327831599296
"66" -2467.82865606683 -62.4544390722338 45.3972551847099
"67" -2525.23375739727 85.0934664175656 116.175354334783
"68" -2195.47093543633 92.1269736878583 79.9969720143221
"69" -2747.00144074382 70.6251425886181 3.76882889302362
"70" -1977.9652404672 21.0614336971476 7.46401157743043
"71" -1961.94271047393 -194.926067533018 -23.4892780507884
"72" -2425.00474676844 120.861327757406 9.39679554967946
"73" -1570.05281464337 -99.3123187424602 86.0640667676433
"74" -1606.24272891498 -97.443108512581 7.28683317481379
"75" -726.400760135134 -153.858366386727 11.3495856612935
"76" -2204.4417508156 -96.0640523964543 -34.0257353330014
"77" -2034.50280042175 33.4190655473617 55.1907145073463
"78" -1400.71089563044 -192.674301234941 64.7121582805019
"79" -1202.80410263864 -126.914357862576 6.01246564130712
"80" -1102.79805588432 -207.197726203558 -28.317767270295
"81" -1174.81907223668 67.1094724205431 51.9472258009847
"82" -1137.07162942518 95.9872289458528 48.5169301178838
"83" -1063.50657095005 -153.391719466106 21.0213136283212
"84" -1234.90403350807 43.9781534385117 40.451176619998
"85" -480.557678527627 -174.278201173802 -62.9087579519135
"86" -1035.55601516255 59.2245399690464 57.9492855392082
"87" -537.650762258982 -78.7611272377922 27.4994516543751
"88" -1795.33739479197 -55.841276184633 36.2382806764204
"89" -2017.1278831433 -165.476178587968 -10.1957496109886
"90" -678.068271979211 -135.014154134269 46.3296002740843
"91" -1397.35330824401 -141.5297556305 57.6173456797644
"92" -1192.02661132414 -25.3190519967952 90.6153068948976
"93" -1416.6311502513 -239.619306461711 -36.2136852961064
"94" -150.693007949387 -224.765884422442 63.7956969149232
"95" 871.432980097301 -273.334913303394 57.9286162815287
"96" -667.004939494565 -21.4375704465282 85.0692426948989
"97" -253.599609349615 -256.009157919896 38.7597795486078
"98" -1161.78095105283 -273.489828903177 -38.1408324166293
"99" -857.628940203917 -281.617348126875 22.157989866093
"100" -800.402087695331 -207.12708894415 107.01024998983
"101" -1199.8105451272 -63.018627622025 22.5154835327021
"102" -1282.21012961742 -203.989904724811 57.5579966283251
"103" -806.825414062935 -37.423312901904 57.4910088534362
"104" -1089.63212638508 -83.7304662237173 149.941053792202
"105" 976.411384661821 271.810310248159 -25.7433999636803
"106" -2544.24431925901 -247.470810421859 119.03506379897
"107" -566.939477937217 5.68948422993873 20.5019220104321
"108" 1499.25847899257 253.27239083917 -5.03445541466566
"109" -185.403021149708 69.5208482996705 62.6899464916707
"110" -351.266917220857 139.881340511698 94.0917135725785
"111" 1568.07054244172 497.141876618907 -66.7537794444737
"112" 462.004609351596 327.898054949524 -30.8397998190291
"113" -1944.30711506041 -155.010869165104 59.259149996617
"114" 929.256341096513 272.742663659156 -25.0483845831036
"115" 2503.71136032136 314.400108563046 -86.5766030661882
"116" 936.771287491986 284.191888014615 -31.5844643568756
"117" 436.232602615261 351.21651859262 -78.9135457782683
"118" 852.789203711215 373.315270812105 54.321093886229
"119" 2855.51032215783 336.787887605574 -35.4847049247756
"120" 1022.47419493238 313.528008935648 23.2515932896726
"121" 743.180690345062 386.767452846228 59.0720129394988
"122" 2664.42942027153 449.438411575519 27.3323089684671
"123" 1180.31023937322 286.411355512902 48.9481111049012
"124" 750.939689721721 275.958541388696 1.90204737777982
"125" 514.660130846886 587.422762498001 -69.3322415936688
"126" 2507.48954641358 441.318236929309 -66.2753300838747
"127" 2960.18377288229 324.091147492843 72.6075873198908
"128" 3431.6884452434 154.375160605069 -25.9570982466616
"129" 2827.18258766043 172.04394851975 60.105798495648
"130" 2195.2032487829 260.078374016829 -57.3335190267469
"131" 3869.21261383177 143.113204334785 -31.370609105116
"132" 2008.66413914248 85.4044177553961 44.3002751382335
"133" 2554.76160812777 89.3729044070178 83.2816781004924
"134" 2291.75312860778 281.674552584923 -38.5187954761133
"135" 2546.5741328716 71.1811155164555 25.2625319880926
"136" 3559.78780129546 -102.833610304185 57.6109647856961
"137" 3596.54415002566 -69.2609494129588 63.5130054320184
"138" 1546.46396730037 402.646954609864 2.20484508010966
"139" 3315.9274231526 -172.49443336505 132.949659753253
"140" 3618.80257471949 -46.5007472445982 68.518186409509
"141" 2047.84532115276 171.667629563588 97.9561235389158
"142" 2309.81094338672 311.596321461976 148.865176093226
"143" 2592.51231060541 369.184393252555 68.04784319551
"144" 5098.33184599886 -43.9973493937681 -13.8482810722407
"145" 3034.45736536037 335.472608422491 48.730226171243
"146" 5686.59206685945 57.5324206342103 39.7673135080237
"147" 3432.73837463096 237.50603229391 122.144366653821
"148" 3525.44490760594 169.254924194622 121.401142063485
"149" 4910.44360083406 397.524717347497 72.1621329650398
"150" 3438.52149031853 299.780758931015 105.421625114824
"151" 4561.87612570236 169.131959759043 53.6946875461002
"152" 4077.58827509939 173.453864781588 38.6389140411096
"153" 3890.36631250763 472.296367338315 19.142222933577
"154" 3715.03223503128 215.15929633643 46.9658876208761
"155" 6445.21072581945 -256.848452568474 147.2497067236
"156" 6223.16564055376 234.798151740114 77.5454948312808
"157" 6183.38351660597 424.701608614718 91.8875335634027
"158" 5126.16046623791 -93.2536339030128 24.0737975377141
"159" 6403.86158500219 253.637316129911 92.8894052295806
"160" 5952.72787939247 -262.248927040664 104.663550938935
"161" 7150.8417336809 -18.5748359550177 13.2870912366055
"162" 4995.56327858476 -97.4965602297137 68.6783156833892
"163" 3600.62256777928 -99.6391168664628 8.44412009977328
"164" 5806.96136114406 57.6579082316846 71.7911022759339
"165" 2390.85320274156 89.1440811846449 91.8087970534417
"166" 2650.39110499127 99.519499491247 76.3712994377525
"167" 2715.55033668943 -29.9719640037151 83.3465478109453
"168" 3100.64076734078 -45.4283934921923 96.1192001247739
"169" 4916.74371766281 -290.090241004957 -51.8874583169941
"170" 7228.8072926453 -387.896380697468 -116.797805156902
"171" 4519.94869583448 -428.659099493839 51.8230066922578
"172" 6204.33694029903 -398.850223268477 14.2004384891094
"173" 1096.01336813414 -261.52740204231 63.2123845219567
"174" 6053.32357389726 -375.098882235083 26.1637032068673
"175" 6561.81049903119 -441.042394205802 -112.880660912298
"176" 5255.37675038704 -141.323608098341 63.1021094574992
"177" 5254.09801977011 -117.099178664891 39.5108238854389
"178" 8966.42465296568 -169.578628234954 -66.6288138665611
"179" 3953.36248862624 10.2593004589131 -125.812922303811
"180" -342.917672967248 -17.5889983967656 7.05716720493147
"181" 1319.84875001693 -221.781298497401 -58.6418656656558
"182" -87.4477324802018 -219.39152508437 -34.6579410878193
"183" -63.5915331239269 -215.588417762714 -31.5326904642761
"184" -745.108303546539 -216.585549302045 -7.85536755755245
"185" 395.256955856059 -254.911319486708 -3.21757224380656
"186" -460.692534721167 -282.448310338742 -53.0799829770541
"187" -931.340967492883 -173.403629644201 39.6832146456856
"188" -288.009680233217 -106.721951536256 6.84152815740767
"189" -1470.08446181191 -140.306257205839 8.96973056753261
"190" -986.081667820857 -156.543669369811 -21.4563232746472
"191" -1985.76820469606 -76.2433234214499 58.8887590570608
"192" -2520.22794853186 -136.184075623165 -79.5358102756504
"193" 299.702011014761 115.334244936379 -8.28586298544971
"194" 329.790572564952 158.69493222102 0.381503074830923
"195" 305.239335830452 129.829848163152 -29.4484726547626
"196" -1191.01820863614 -93.1816178988558 -7.68018136996098
"197" 2149.18848434706 44.0935176900228 4.07348096707361
"198" -615.77398163026 -35.9079758023727 -48.3566951834861
"199" -2111.83754003876 -84.1777218067001 39.9425889624353
"200" -601.519925864212 166.039359360371 -43.0885151109717
"201" -1967.23755853152 -94.9166263776194 26.3440686010624
"202" -407.591121426022 -71.6011852453605 -59.8563642144024
"203" -585.277912767003 185.320151102543 -17.9789818750878
"204" -993.416010127779 -132.503897049199 21.911177141547
"205" 298.825952872281 8.1385993339732 -23.4714813334386
"206" -893.456973499508 -50.2100075486837 -34.1490945947506
"207" 1681.29313933752 324.300930898426 -55.6690261593953
"208" -542.281061957987 86.6571926696219 -33.0391978366627
"209" -103.8219674946 36.6182039788115 -42.3582430829698
"210" -360.683772877819 22.1308836569867 -57.7534107970541
"211" 1683.49542492278 277.278086561206 -102.359198534081
"212" 178.800123446154 138.77872244314 0.929576458241698
"213" 59.8042129006454 -5.39089782083804 48.5099602682797
"214" -1136.52946286404 -111.06119273735 0.376191359503387
"215" 203.309513336979 199.302013228118 5.42272523130733
"216" -147.41498323214 -212.838945589489 -71.1032323262297
"217" -1026.36830071397 -66.0111335545793 -15.1703116670817
"218" -899.483413718424 -143.807167352506 -30.446366433792
"219" -1167.43570760702 -153.893840408077 -64.6402534442237
"220" 1042.94067460231 357.8878660388 -13.6869302032131
"221" -703.536138637952 -108.203907383526 45.5742342096269
"222" -950.866029946573 -193.648331055988 -48.8664807323421
"223" 789.109385354181 355.218641964123 -77.8751007229507
"224" 690.230642027948 312.195144342078 12.6911132905549
"225" -1305.96204715496 -210.962866410701 -62.3189269672688
"226" 1118.97668786553 237.667276456478 -63.1883264910637
"227" 907.982182405605 38.8111028943193 14.6177312069867
"228" 1505.96318307904 285.116835370866 -4.84767898355659
"229" 1360.49711617916 137.045398248338 -0.399185860021185
"230" 954.753629144118 212.437609436093 22.4518810623706
"231" 428.426331888565 273.834265601697 -87.6597233511815
"232" 642.41368931317 103.632509243336 36.6267233745425
"233" -970.684322923401 -237.743944416447 28.4086810437485
"234" -659.697509804132 -253.150237485438 7.11494975069926
"235" 711.176657941955 247.995659095657 -31.3091763016741
"236" 510.044648815872 232.711943584137 -42.904693564364
"237" 606.839757072571 244.541490268766 -87.9244995161804
"238" 137.490283970727 223.31701464235 -19.9366032702129
"239" 428.871208867564 249.042017874777 -46.4151845416644
"240" -73.634227967362 343.482035500316 -80.1795042858162
"241" -54.1195181247496 201.314315170982 -30.3584774283545
"242" 187.119686504925 280.027580086976 -7.59867397240122
"243" -100.452836357678 -55.8388360775895 -57.2445530295717
"244" 174.168391532874 399.201570842586 -16.1336700941589
"245" 230.211761144735 256.861037648088 -12.048625406167
"246" -91.8101242193473 246.53117216606 -67.0593359931286
"247" -467.620382998582 73.0919955000452 -5.70373375796578
"248" -41.6331322536308 -74.6084191801883 -55.029261485741
"249" 47.1312844190946 230.82016337662 -81.6672360935476
"250" -516.62328805917 60.4068679274684 -17.4433793822038
"251" 253.735445401287 260.555516195739 -83.9082165353208
"252" -184.163725045944 -7.29663864499812 -1.15621368857931
"253" -293.427311220161 -83.093793784694 19.7351121721985
"254" -262.390719443019 -113.653350151457 -37.5520371962394
"255" -688.097737228501 53.4653481182898 -11.405538252267
"256" 195.21302703793 222.753685944504 -82.9625938319866
"257" -1189.81562765565 -162.478195317413 -62.1908681764742
"258" -601.007418707961 -187.317404318704 -12.2411939522548
"259" -1006.03569743773 -123.3352722831 11.1814957455206
"260" -438.120484316249 247.948692634473 -86.3955299794352
"261" -552.846390033415 83.4590614993442 -61.9320985818584
"262" -469.505858666372 -148.256578695924 41.4278315899213
"263" -582.036852753931 -149.142763594081 38.3872177115863
"264" -556.862752397192 299.695805395514 -22.8332057498469
"265" 764.331898897225 142.950337138172 -89.6641400365188
"266" 595.196886748045 78.0171786130369 -107.21308288265
"267" -153.801924396204 -249.787078605576 -79.8979564349746
"268" -550.402001583273 -211.104277070079 -62.0337861204558
"269" -825.607494190266 -214.660093609501 14.1873450533436
"270" -646.125744651186 -258.095575628445 -56.0985840792996
"271" -474.506099349962 -195.144865593919 17.8531163724095
"272" -606.754376666732 -158.293874186634 4.58535778657263
"273" -87.1793442952155 -251.682446961556 19.6674989252385
"274" 207.16356983919 -15.5388152855707 -84.0258891769374
"275" -224.909242580875 -316.594039280671 -102.97222700832
"276" 353.506762877471 192.10498964865 -60.5515591188698
"277" 566.286098656286 7.72210222830235 -94.3004475010016
"278" -451.339771635708 -179.37075736572 68.989209429042
"279" -463.257081470048 -350.67009579922 -89.7883928128842
"280" 218.61207635786 -356.369738332908 8.02122361152659
"281" -223.653759296467 216.685255498454 -50.9848544402762
"282" 494.473343197946 -4.93346064623265 -62.4127495204697
"283" -451.836338129778 -447.924611498802 -84.6207617242438
"284" 11.7266054191779 -296.289107206446 33.431725201754
"285" -131.625905017755 127.312842107899 -48.1555860574559
"286" -606.785220137664 -284.480228978329 17.6851056598
"287" -582.751650671712 223.701800041698 -51.1381923415882
"288" 315.486509988428 90.2980053069406 -65.9978884572352
"289" 406.66940915859 -269.641622646099 88.1661278178482
"290" 427.779591581182 -460.811562172091 -123.287846376295
"291" -292.878158920943 -291.321358607398 68.7259009032979
"292" 1171.79586575213 45.8368432814376 22.7304114495779
"293" 2423.37382819772 -411.293733393992 -127.516262619994
"294" 2432.001669448 -313.420052327161 95.3487176236733
"295" 219.232529249577 -346.378120310455 100.140696815855
"296" 537.892991732584 -304.072736532447 122.534553154676
"297" 54.9827934042723 -441.59147083157 -67.4268038269145
"298" 294.337654369227 -19.5263083371329 12.1525322174578
"299" 1801.8380496066 -281.20776554555 -81.1425043229796
"300" 922.738540264932 -320.627729963925 132.01771971078
"301" 583.534671851162 -272.916291082029 55.098415646014
"302" 2061.06324917603 -387.891982050981 -39.2676710067166
"303" 2192.92284770349 -463.567922229902 -85.2809606948944
"304" 1367.0956357408 -485.906617492098 -126.807298328408
"305" 683.671002039891 -273.418287690847 54.0436779025673
"306" 1531.95283173882 -40.6317425119463 -59.5700303182635
"307" 996.214340647438 -453.504150179608 -115.846504428778
"308" 1880.08845439844 -33.7796658319499 -35.5256300184764
"309" -887.927533377449 -5.5371210329091 -21.0560613097957
"310" -42.2503416539385 64.6739111455608 -47.3705366197516
"311" 155.685304898628 17.3166938870711 -23.6865317637881
"312" 2327.65633096187 -345.26080905852 117.87967451479
"313" -925.9350318804 4.74730900660799 -59.4507158709905
"314" 223.460962302564 -106.507281846192 45.7120158830065
"315" -825.669212054284 96.0449621471264 -76.487922966927
"316" 311.335781354791 -73.9315879874677 -69.5659215455646
"317" -676.86493076218 266.995636616494 -39.8213893386366
"318" -1339.87146314707 97.7227832729113 -25.7954320498748
"319" -963.337656071733 56.2278826094446 -94.2847787125261
"320" -1875.38026105602 151.572729886273 -24.1975154385856
"321" -573.017080837292 191.549609069525 -51.5883589002949
"322" 617.311049021336 -99.1347204080836 40.3818129899577
"323" -1792.41150204437 199.048514437683 -21.5259031603505
"324" -472.674513632547 33.5770343514071 -15.7681308907986
"325" 2424.43222347156 -266.923675766432 -67.3453798193399
"326" -752.375793736931 178.156813447586 -82.5250638116219
"327" -183.115278588401 -85.2416557841251 33.9178569905391
"328" -1588.927478312 188.695694787814 -80.9915232262591
"329" 317.048247547915 -216.366956222731 -63.6549904495217
"330" -162.574345200928 256.426434555036 -78.5088996160671
"331" 510.334613193786 -132.316877449649 -112.409645187127
"332" 276.071878361664 -178.625213973718 21.348958987043
"333" -779.975816086345 1.29057223538255 18.3790853887425
"334" -442.491376735259 13.4661431868577 48.8391390527375
"335" -54.8825632770446 26.3269071140802 30.8132284012354
"336" 158.575778214242 -196.220338334512 -45.8759207348689
"337" -1291.51550662787 170.51007473847 -70.0814522076263
"338" -354.019805487217 73.2510649358155 -75.5643274877505
"339" -1175.57889908531 239.975060857265 -92.8325839036957
"340" -418.280038387062 -60.8339718655196 -19.3553244032571
"341" -198.26856143822 -257.765236595496 22.2395413325575
"342" -22.9143196128119 -214.534969704702 5.58638813995908
"343" -1300.60514283065 122.952428056564 -81.2736647734531
"344" -327.440752129845 9.4073333065314 45.1955993854251
"345" 329.959947828131 -187.51222451756 83.0705172779671
"346" -1197.29434788824 172.842570393006 -89.8843997934609
"347" -259.687014745726 -101.32774757858 47.6263629612877
"348" 31.2878005927932 42.3561234245027 60.608044116413
"349" -550.533113359244 23.4934665410347 -49.2940984169624
"350" 23.1478631133164 -338.049434752091 -72.4245423730433
"351" -2121.32306194496 4.26568773675238 50.8892735635964
"352" -1823.80098124281 43.1013726291783 77.379043872861
"353" -1258.37119436146 -163.978022394364 0.520288878800505
"354" 32.9486500360834 14.3018277983378 34.1833284315017
"355" 585.517006580984 -223.857785839104 9.03799663148855
"356" -1388.02239020599 -81.7834159970151 -77.6731648916651
"357" -1117.41004813409 -163.413683418578 -23.6697833984533
"358" 1098.49299045988 -284.635119966394 78.4750034892502
"359" -612.99287616273 -98.6201775503775 -0.576205605590881
"360" 987.182260918704 -254.735921533345 -40.0865911004005
"361" -575.190503833667 167.719309634069 65.9052147334361
"362" -550.697766337188 23.6636669176935 76.8152581778451
"363" -253.346071526468 101.280067699099 -27.8420256623155
"364" 1112.38450663385 -243.75443873783 77.9951557434486
"365" -275.945365542783 196.827306314269 50.8034697822248
"366" 316.347655821639 184.34824013439 69.817147684199
"367" -1291.12356785423 51.6161361482273 0.881983615919947
"368" -1838.6217156531 -57.3268544404318 -6.2689624920829
"369" 242.547404912489 195.968873676727 -0.595214902878857
"370" 429.845988184918 -56.499751619496 142.494662165189
"371" 51.6784854700225 145.339226835226 22.458372648318
"372" 284.454137265832 259.720136922871 7.24124064742415
"373" 133.800991518532 -335.147558686477 -96.7751984816796
"374" -1748.76319025241 -173.983785990411 -18.648507555915
"375" -416.719033181785 -146.888229013433 10.0479577122122
"376" -152.463172521906 -98.3428466542305 -18.3588607261133
"377" -1465.68030411661 -45.2739231710865 -6.85751240224097
"378" 11.4609798409088 -77.640983587225 50.4525117038875
"379" 433.910586868887 -97.9274735377978 47.2723056016069
"380" -1435.28867355427 -62.9754573871877 2.38709944498498
"381" 420.707981842462 169.409978372145 85.2899001886597
"382" -1076.644654763 -223.800077455673 -0.948317428714452
"383" 1213.91642826568 -57.3110954543863 5.76816601721781
"384" -2020.49007337658 -62.0132235373769 -8.39900203144508
"385" -308.425369746828 187.520012093064 50.2287344623721
"386" -679.095225274154 -202.453197142976 15.0917057106731
"387" -739.052246912201 -114.437525563708 43.6086360113614
"388" -1094.71257996257 -33.5772362322628 32.0627453688279
"389" -716.651907012654 -54.347581194276 42.3049949206511
"390" -1203.38063944553 -206.617150596713 -26.7021176932743
"391" -82.9215567923903 -305.889002641347 23.3521753289456
"392" 73.9522533352782 -197.695055366212 73.3562462044134
"393" -1146.06760244287 -93.4969096828157 -50.9921842423827
"394" -1602.97458561199 -37.8961006146067 49.3131627181352
"395" -2889.44673568146 -118.556862782378 23.1486788854634
"396" -1311.4889089981 -158.265742775414 32.1723574241177
"397" 1009.4417922501 -191.01627850107 25.5551980511783
"398" -997.407073040788 -182.623167375363 -49.8230744839365
"399" -1495.21756089957 2.08721810585639 29.2321438992535
"400" -2078.18216039536 -224.280156992913 -112.783343185738
"401" -2247.98185152405 -158.193022186157 -9.70321869692618
"402" -2476.5500337685 -240.990502667799 -12.687735512074
"403" -2942.07267603131 142.456478289771 -27.4785255976021
"404" -2430.43859573158 -128.475028016544 -81.3504175401031
"405" -2622.64553750318 -133.707574998502 -30.5757205863845
"406" -3036.415945395 -160.089186826746 -18.6609203706324
"407" -3097.28655300722 -130.635110740484 -3.16216588715246
"408" -1862.27080019891 -56.078321879071 -13.2929509632627
"409" -2612.32783047112 -177.343604467718 35.2153524726713
"410" -3103.51702464167 -69.4160161413195 41.8964957442442
"411" -3996.28754607191 12.2815202391489 11.6768170171286
"412" -4081.61069910614 105.765484446815 17.1357001705616
"413" -4565.84174470754 173.61532216811 -42.4015659174641
"414" -3807.43112852744 217.325351758611 -27.1340761935654
"415" -3652.26954017667 255.768541610028 -9.64104846643972
"416" -3270.05108165666 67.1461608362903 -23.7994832753833
"417" -3291.43144454359 7.73327038006267 -2.11338680781512
"418" -3707.4023899041 28.1949145206967 -23.5784882103781
"419" -3115.99944501279 -36.7825201491159 -35.3097951548002
"420" -3310.58088666493 -95.8037857578407 -47.1125529465067
"421" -3794.4496707916 37.5082953940495 -62.0185724408559
"422" -4923.21635810809 -14.8545935436779 -57.9199850035282
"423" -3947.62122986769 -69.3384906423242 39.7240310412069
"424" -4038.39432663155 -158.74722146074 -99.0889843327687
"425" 1007.32192270215 -314.536741444028 -70.3848438668461
"426" 732.106802809237 -36.1820069472428 -57.2283860884583
"427" 330.458740477597 259.632844873271 -92.1985056360431
"428" -1392.24973650623 277.717820100507 -14.3029394351936
"429" 4795.90422545157 440.941191281135 -68.8957144282713
"430" 1230.69190316083 99.7243169239216 -3.38430696461246
"431" -207.719110361397 86.7315826912054 -3.61379739218105
"432" -431.303356054538 215.26824388072 -23.5692291592805
"433" 901.977771045492 406.960339385874 9.07446321916579
"434" 1810.65766438405 193.947706807943 29.9106031011665
"435" 1558.73098376286 358.752166626208 -10.258134068538
"436" -561.509219030346 2.62787902682837 -38.2990997333069
"437" -438.066494545227 343.910139676837 -101.778999023407
"438" -634.573191042659 453.743318024777 -110.239033358638
"439" 2631.60490487656 410.409219698596 -185.419597274291
"440" 2629.69164641303 -336.32617873024 26.6553580396934
"441" 2004.72036119935 138.198468426195 -62.2443054077922
"442" 2007.31440366994 -165.993449858488 76.4762915249115
