"V1" "V2" "V3"
"1" 10369.6125296844 804.460027409794 -88.8350422141172
"2" 11978.3246400051 639.567767932692 -100.093673604028
"3" -232.410920343387 225.224888411461 -23.041134016253
"4" 5968.21966424455 171.820649670587 -113.177213318223
"5" -1756.28796546009 247.577390563639 -3.57782349578186
"6" -661.516351027524 47.5699441673767 7.10261512983917
"7" -1819.84392840533 -21.2486672734927 -22.2650297040934
"8" -2151.87907367755 139.272807123115 18.5086367842655
"9" -879.379247637124 96.7655407526291 13.289984505657
"10" 435.780913435758 201.061511093943 30.7147722116326
"11" 1360.64309092743 178.438332122147 43.0305549417306
"12" -2381.91101159158 168.547759408638 28.5897041975109
"13" -2091.60115960173 -57.6820287460653 -22.8335882491446
"14" -1746.13615992179 82.655515126087 15.9760672525372
"15" -1765.76584065637 -25.0742662336453 8.78756690878305
"16" -2372.45422411382 197.774340909178 39.2818899976222
"17" 10306.3757567683 95.410008773627 147.542322762483
"18" 5253.41555461305 -27.2649438543523 38.1640479292455
"19" -2803.73491710048 22.3624590811473 -34.7352902247403
"20" -2804.64644010857 -22.5396796541871 -19.9907577048241
"21" -3635.83074627757 -24.1040948839849 -29.6100798456618
"22" -3558.68223056463 -20.3345102765671 -10.3004645239403
"23" -3280.9875323 64.5736607191019 4.19049202664929
"24" -3675.15183204448 68.7621839527909 -3.95669575503395
"25" -3899.52287704425 -83.7160733728774 -30.9955177036839
"26" -2868.41304419443 46.7779773593505 -22.3275059122579
"27" -4499.66151179374 101.385227007042 -28.315065903971
"28" -1010.28823721331 8.80502417810798 6.83153466556464
"29" -3923.33929944778 -38.0412573924853 -6.3455179531409
"30" -3796.73834757676 -51.1910384633004 -9.20532247032699
"31" -3933.12077853117 14.8279224876255 1.67759937128065
"32" -3917.31307392367 31.3623390149863 -17.632562741342
"33" -3134.45995076662 12.9253328331821 -23.4875093462683
"34" -3129.49597221198 26.3554064325036 -21.7326714189602
"35" -3171.5422942255 -39.863484960056 6.04984722452311
"36" -2865.49039817921 -17.6406319475005 2.98157947499913
"37" -2257.50763307964 196.94729131687 -55.9917075691148
"38" -3500.93522171037 -35.3824814742481 11.0131989395866
"39" -1659.62742006568 112.4176995559 -45.1987887659929
"40" -1319.34928513379 78.1926826138543 -6.67786738743315
"41" -1458.20644646476 27.2841831727338 29.458984097828
"42" -1711.32850946247 77.9912371990578 46.589068383535
"43" -1759.42126706612 79.4955548079749 31.9474794425069
"44" -1358.83126306804 73.8368837853158 30.0899294942622
"45" -1819.17107765668 113.83841582709 -42.9419944140279
"46" -1538.67294033515 123.821526109408 -33.7097834018997
"47" -1343.19449054344 161.914843272919 -12.0651045544911
"48" -1149.83927487249 282.760207989562 -8.27130820618694
"49" -1345.49855804364 155.402833896205 -14.2943368655845
"50" -168.037835023019 145.603566733959 16.3587947721086
"51" -1590.79223366627 58.6924193320756 -20.8904491111017
"52" -2894.80296187263 1.90628451928838 49.1374466776893
"53" -348.968441853941 299.885127304437 16.4337076038934
"54" -1692.18456411122 160.488618009452 13.1372107378701
"55" -2738.26454868859 -0.655941691704018 42.7028401889539
"56" -1647.18763024828 112.78524776292 -8.26158388517044
"57" -2209.15116381786 33.8635912082636 -1.79033313747256
"58" -2745.50883443194 -50.7841159082413 35.9138296245928
"59" -2478.19630924549 -50.8451149670899 -3.88290785358595
"60" -2217.90361682325 23.9261443037236 33.9623422316783
"61" -3503.09887679037 -12.1109130208393 23.5745046896039
"62" -3472.79551537731 -77.356508645458 -0.226579380725293
"63" -3388.35079890509 -33.3087165465387 -19.8864677242942
"64" -2160.56326804144 117.183074302743 -2.27204505812441
"65" -2209.11790979022 145.787998436182 0.516209230246285
"66" -2211.45469951184 145.929460478525 43.3525771082568
"67" -1968.29869833032 301.93399150285 48.0787143250327
"68" -3375.24825376561 159.693489380175 -28.3615390465565
"69" -1946.46133595167 351.945750720454 16.2980321929155
"70" -1895.2597227298 384.437282964707 15.3167521595921
"71" -2052.80264689796 18.8963794084423 11.2214433359306
"72" -2471.48614723724 29.3556344673082 -1.25915730440714
"73" -2306.26801206344 69.8718742172674 7.4368493488532
"74" -1882.84967698676 38.0039896129729 30.7849998381917
"75" -863.416054889675 223.757296152256 62.6306082906367
"76" -2020.93881210096 249.552809454941 3.43394068302153
"77" -1605.61877975135 359.375130309476 21.3327339198792
"78" -2002.68345282844 148.006023512287 29.4149373939155
"79" -1835.57424349855 28.9327085500495 4.82284768321976
"80" -632.150915806079 480.178631482033 50.2263453860946
"81" -1152.31823597869 335.650193955476 4.83946621605238
"82" -1518.02112396676 289.30323462496 26.087150768254
"83" -574.488245581869 301.051586023023 -1.87981157930206
"84" -1170.94690605863 190.086630520049 -2.37946186006336
"85" 290.757820056621 465.39325759946 62.1851781459402
"86" -694.616263138494 95.059006188135 -17.6632874649069
"87" -584.498159394035 186.541212494017 62.7741884618138
"88" -810.257682707307 108.060487338479 -9.44901861833114
"89" -586.326649791364 236.938017936392 35.863509531801
"90" -1129.71059325419 193.82145483344 35.2937269312278
"91" -370.90639905925 99.6433824535443 -1.07839766146159
"92" 789.906497039609 134.564993808206 55.9536209195523
"93" -2325.53943958765 191.997268176153 -36.3389140542938
"94" -1056.80275271803 214.439603503002 -7.44649928477621
"95" -1553.50598463521 100.351487693249 -23.6739436094266
"96" -1710.76612004243 153.989673103517 -42.3173323534386
"97" -1597.09402707167 179.289278865732 -44.0000144715781
"98" -1107.60115366635 78.3237143944234 28.537946621757
"99" 54.1349588836955 157.155214160357 -32.3486364603567
"100" -507.508448727425 346.238656912063 34.1801703303134
"101" -463.486358210779 408.216380298556 -12.5919485050784
"102" 923.178776179162 249.868982297576 38.3302211142461
"103" -885.280380395922 267.708140783698 18.4250037241333
"104" -2191.40139812423 46.7960040549081 -1.68729268860155
"105" -1833.1025504742 -78.8016188006947 -18.9600457812556
"106" 980.024963894589 449.302625494244 -2.06118118417852
"107" -930.330545700047 288.552468168166 -10.7456420729164
"108" 61.7858866456839 358.775092667275 -21.1253670374677
"109" 690.099797998963 477.692845570761 30.1632973208917
"110" 1279.25450184764 272.494581652791 -37.6800593808023
"111" -137.734394928116 341.166557693114 -3.08649002171014
"112" -439.726661352515 209.573747063936 38.4916540094112
"113" -289.0043262764 232.470285373463 37.8315280277632
"114" 1390.21760513551 502.997152838538 -0.826269590982693
"115" 231.379361628769 407.434332028521 62.0847836481665
"116" 838.748396638057 178.703494751929 52.8763555452731
"117" 122.184603424784 372.293043401613 49.7213888205771
"118" -241.718005405759 259.991750574135 -1.39644704178854
"119" 31.8402323755967 261.370397228451 53.1347285935749
"120" 1878.21548794683 302.809105776408 17.9263876506385
"121" 2081.03042233271 369.987914923283 33.0296354528002
"122" 1810.07388250223 196.021505082104 -6.91614079500154
"123" 1477.79444300187 220.227457720209 -1.53082050554054
"124" 458.270756362464 152.244026893407 6.92573047280216
"125" 1442.46929538934 206.79428190424 4.5244144812877
"126" 1291.40490079409 123.438941879233 -4.22935500032074
"127" 2743.2762294438 270.083187534079 28.8775918969696
"128" 2610.0958743838 198.019019378462 9.71716305103889
"129" 546.031039124713 85.8017697695241 10.3157820035027
"130" 2854.22690507688 415.718074849408 27.6155942857764
"131" 2646.71219250074 400.462807612904 46.8605977385138
"132" 2509.0499508371 328.704821651022 40.3801594485182
"133" 2576.50301479958 214.898618833006 35.8772712592738
"134" 1111.69787050446 291.342074447973 26.3221603902136
"135" 714.850953686295 134.253838186252 -21.4299166831685
"136" 3400.35091163626 213.453380765893 50.5118282268144
"137" 1196.19273023825 256.900144809722 40.1930598399855
"138" 4479.9343671992 94.8393627642148 22.1605363608585
"139" 1553.65064255273 243.192675592169 71.6559229671712
"140" 1501.88458099203 222.471477687881 -13.5338082759407
"141" 1842.18589333313 335.490377677506 81.2419814207132
"142" 1472.08602412825 158.417147507095 40.8026612505161
"143" 3972.14930864337 133.016991108052 63.3502065749026
"144" 3093.24727713739 131.344436451845 43.9270333376281
"145" 1720.19346134981 207.340057194223 48.5960800959963
"146" 2988.11571881131 202.830475890418 35.9923291089849
"147" 2042.44323742523 172.660380402995 90.2984088718713
"148" 4744.15686643205 -0.0791780871604515 62.2666250456742
"149" 2412.7654203512 216.65083405854 25.8233183480664
"150" 2175.51161570626 182.160975313252 17.8983065102466
"151" 1923.77002255938 77.6532254041476 13.1271936844444
"152" 2856.06882484498 207.334288688056 50.4802216155284
"153" 3226.47536824881 288.861225236148 36.7069706389992
"154" 6496.53349873821 -193.770375681117 26.0000701786658
"155" 3017.47883899275 -31.2421842045396 27.3432691378275
"156" 2981.55224524307 -57.3363684495068 23.066241284763
"157" 6413.36514734459 -197.197529220311 87.2467681519821
"158" 6369.50671628036 -116.281498143986 96.1174091576995
"159" 6371.39111431688 -231.175622267443 95.3360907535044
"160" 6755.3597455592 -423.060657785116 79.4589345566655
"161" 6331.69001296749 -366.632084229939 22.9215166689268
"162" 7038.32439049962 -445.260142128256 -8.02070052139205
"163" 6597.00195509671 -386.398296734819 -20.5180603634671
"164" 3224.65906397673 -334.33569777892 -27.690396590001
"165" 3252.94044633609 -232.100207361226 -31.3331359056913
"166" 4991.96186141871 -43.5789658878499 -100.926272685087
"167" 7053.09601818339 138.315033928659 -97.8011112499642
"168" 3361.89653374175 85.5288881987617 -30.2156484616029
"169" 13023.1032406225 -56.6308660441684 -48.7270363945322
"170" 8527.07659895569 -140.110758930881 4.08314116934375
"171" 4689.4353723049 -55.6091665901594 19.0777245044509
"172" 46.2517312902544 -28.4185636751784 -70.5979098234247
"173" 1093.41853710823 123.242782655592 -56.1407758060167
"174" 259.86252842534 66.7322735200795 -71.1190343598061
"175" 785.674671713487 142.023079096161 -68.2121453132793
"176" 1461.01077967113 264.264927595105 -34.9748400638376
"177" 1161.63991303977 228.944998387765 -40.7421651137377
"178" 1267.58800502583 321.405945404737 -37.5420404728096
"179" 183.19325793059 154.883749883561 -59.244049638869
"180" 2090.35507466818 274.756332364657 -44.2376207523414
"181" 437.494808847347 292.900112281667 -49.6398890282482
"182" -798.267529814024 318.949258478964 -37.1742224604548
"183" -941.441542817053 214.319994668287 -28.3061701797821
"184" -1567.81173941572 330.150964711875 -55.6362906588789
"185" -66.8733513806434 280.708542363813 -36.4233498291019
"186" -335.596873347453 337.472758284966 -48.4315302679563
"187" -1395.10102317214 281.95415003757 -68.9361479200848
"188" 548.059838158623 289.57902982268 -58.5958397583726
"189" 81.3128646185359 112.691682274326 -60.8977281995707
"190" -176.013665579618 94.1185369232821 -69.1361452189122
"191" 1049.16447320021 216.840945698009 26.9365164602142
"192" 340.163227610364 241.727035329834 3.3052135435257
"193" 173.659735952342 189.793896232726 4.52109689440383
"194" -576.394587539026 -38.0519653278005 -79.0556877680277
"195" 355.283267308555 133.889181253675 -60.6373801119175
"196" -573.636508114259 222.649405075474 -68.7083289017664
"197" -619.8666657187 83.0829862157901 -80.3675276403529
"198" -351.87337153073 169.501618777664 -91.2706653928766
"199" 861.591746475322 -35.1482067191042 -78.7229597800392
"200" 1104.475193099 280.31921548348 -24.4708930615324
"201" -358.334729986236 180.607850313746 -22.7757178478561
"202" -371.234709365892 4.19896696150642 -82.4819565197045
"203" -236.481151810527 53.7480872689519 -76.4634504966729
"204" 1179.26493080043 -82.7648436918746 -66.0383820667709
"205" 1039.38255281258 134.372831807351 -80.8057285138193
"206" -354.213480402703 47.4898278519536 -79.367860958852
"207" -675.257302721654 34.1150313256128 -74.98938723421
"208" -2091.09823046207 30.9980573507115 -106.949104899799
"209" -617.096373401118 19.522578911167 -72.3061486074121
"210" -471.858314427998 44.3458830239748 -93.7983898126242
"211" 726.593366824533 -188.31303452234 -78.1015577860593
"212" 371.772450990477 -63.5744035972075 -73.4569553125654
"213" 208.085737762779 103.549479242127 1.35777670138532
"214" 536.933393159433 36.2819942818239 -27.8199256712891
"215" 209.066715271205 -84.0641428221365 -40.4818210175216
"216" 255.021195400518 6.82783334442074 -47.5782640907575
"217" 829.962051683198 -188.312905359736 -76.1162992826487
"218" -231.837140150876 -144.771808750764 -37.6690935704787
"219" -48.8105456338681 -279.548863126026 -94.8994514549547
"220" -56.5742984778648 -91.5844192733888 -57.9752970675911
"221" 190.666187152243 -172.579944920727 -30.9163244116621
"222" 735.568803746975 -56.8363946584946 31.9862060453711
"223" 578.325142521884 -15.4708446816791 7.60982010289599
"224" 477.552542688105 -207.507208474863 -66.3409835521676
"225" -190.405646492087 -32.2663285024038 -7.52611749093327
"226" 239.607116462539 -137.291437175693 -48.5771495977139
"227" 419.046554531194 -112.866760383871 -56.6115800136606
"228" 96.8363583990675 -104.972540008175 -18.6818317013068
"229" 186.975394788799 -53.8698952540949 -25.1513899840838
"230" 181.520749225704 -199.873064191974 -40.7871440246333
"231" -328.89349821244 39.783711644926 44.4733319093174
"232" 705.323330174151 -172.13217474758 -78.7000719709319
"233" 239.898273840581 -141.010232219047 3.06168532018111
"234" -1191.77533258599 29.8741544571001 -28.4435821864935
"235" -1025.18492490565 45.1983172568291 -13.7889258218538
"236" -1075.99056662543 48.6019836882667 28.5010068427363
"237" -52.4447054030926 -210.894913142272 -19.3234198245573
"238" 18.8040590766066 -126.291171037092 -37.1728267140034
"239" 234.619961398828 -343.351715721091 -13.5478579946533
"240" -493.577703381459 -121.090201953132 -29.5763756236636
"241" 514.747840255473 -316.918568736131 -22.4622598739613
"242" 18.3688947548337 -400.082257087837 -37.9688520045891
"243" -97.6613392158321 -382.914256343618 -17.2311219151118
"244" -85.9980477799358 -379.907116600923 -39.1315637886658
"245" -227.469286109204 -286.908199206232 -36.0200857944588
"246" -159.064822812871 -316.314465818235 -36.1570802080541
"247" -470.826802689362 -238.437573356719 -22.9669262134374
"248" 406.250486127976 -344.119261124588 -59.209166768899
"249" -110.56443427323 -212.771409180008 -24.0204757665687
"250" 112.21055497716 -63.675988000794 3.49240479757503
"251" 711.697554536121 -278.578177704102 -50.465059551498
"252" 151.44601729136 -75.1579045458322 -1.76893870487392
"253" -228.292405826515 -294.950400264604 -30.7034049190011
"254" 98.9610243461286 -293.550362471033 7.97885846171953
"255" 43.672203983535 -166.17072112601 1.14554739988493
"256" -481.659076156385 -210.902869884899 -21.1585915029989
"257" 355.438549591818 -379.956159135299 -11.584481616204
"258" -209.538401100111 -16.1216397942103 0.329965363193272
"259" 558.172155151088 -403.058651743165 -5.53368771632001
"260" 209.138741865168 -413.866032941926 -16.8026085185804
"261" 752.010885314263 -457.75295874172 -24.3430100054148
"262" 776.969036822495 -73.1660828117775 59.0484370895895
"263" -228.344703248741 -301.427920691129 -17.2979217030128
"264" -110.903832919619 -365.229367830269 -54.6292188617668
"265" 637.405158868976 -431.636942336751 -43.9250935001064
"266" 315.396650771477 -491.512061745113 -49.7140279558735
"267" 1244.6110355201 -550.112667636251 -21.4568147505057
"268" 1277.50105220758 -616.680056683928 -13.8285023500038
"269" 1910.77531732936 -501.026119377867 -28.6851865949455
"270" 720.684352596162 -152.031056225514 14.7749843804203
"271" 25.8398258615353 -483.989718670522 -28.1651641973719
"272" -225.060126919039 -73.4378588652666 -15.4413192750103
"273" 670.898167339508 -298.26140783789 56.8161484986165
"274" 329.313601175814 -63.69632774473 -21.8730300421293
"275" 972.237240611493 -154.405844670365 62.385783131364
"276" 534.38162293449 -180.185508698676 63.0876706711423
"277" 1697.63629349635 -335.143564620346 74.3511400037188
"278" -570.068882615754 -77.72054627227 11.2092767075664
"279" -280.500757891445 -26.8443612558694 16.5336543659707
"280" -330.737999854977 -11.2971285143355 -48.153270741857
"281" -698.301042152727 -198.617612124351 12.3785409021962
"282" -792.791295324791 -201.90936980537 23.7182267297321
"283" -1148.43307226659 -90.5843698924982 -1.45789201391911
"284" -632.172169976226 -5.35710035811094 -26.7103125688456
"285" -725.907888388424 -63.9200118510436 -35.4745453713691
"286" -1021.88034866952 -244.030518438537 32.8150627241708
"287" 630.028628600809 -274.245956085785 20.7356571320249
"288" -1664.64936904934 -256.885430010502 16.1529237239544
"289" -1438.76578283674 -279.409445455749 7.66912681483302
"290" -1042.02948678984 -280.458388034542 42.6901537371867
"291" -967.222870279082 -23.9755367171502 -15.012506401094
"292" -798.184914774134 0.859684195145981 12.156300101704
"293" -1382.66591928839 -255.528847040242 18.0306221021956
"294" 48.6409427711439 -452.913295737929 60.5686376011941
"295" -1047.09023483891 -306.76686554682 14.1630737099949
"296" 132.059767426095 -38.7639070207164 -10.5413462004605
"297" -245.561447419684 -362.550295240223 62.0926498988588
"298" -487.728370117881 124.818251664534 47.641346976605
"299" -1284.91728662688 -25.0952378449301 -7.69247436329527
"300" -618.999507029778 -258.94527436247 15.6730923315152
"301" 331.245295719233 -144.161340076172 60.9854484872505
"302" -1042.89735697947 22.5849066000202 36.9760543889559
"303" -641.287358410292 -95.9609492545882 -1.5927730920336
"304" -1350.28460266063 -73.2809779990624 4.71103421652117
"305" -497.394811634795 -409.707516825962 68.8163274506197
"306" 161.790404209383 -378.643658074158 44.8356262272788
"307" 111.637328074786 -214.068339573767 44.1873699061901
"308" -138.113974261347 -415.269032562697 73.7876628508823
"309" -1467.0731518427 -85.7002494466407 3.4337444580559
"310" -1472.52073696172 -93.2227964225165 4.47582666851383
"311" 392.037424905357 -416.074992261419 79.0349977993881
"312" 845.601752554967 -153.659822771855 38.5993292521996
"313" -1279.37292866234 -28.3942553258521 12.3473195550397
"314" -623.723125625189 66.0118885452335 30.8151610755613
"315" -546.525155959966 -28.3624037180177 41.496888370543
"316" 19.3320256453209 -120.528727567737 24.4314369746839
"317" 142.786618356445 -384.193552314948 68.9616628602803
"318" -1085.44499767639 51.4631061473908 18.7958087502161
"319" 177.100668153808 -67.9390013672198 59.9841004369737
"320" -389.590626023335 -11.0661844642502 41.9711440694403
"321" 207.81208740665 -28.1035327088055 47.9128783043718
"322" -335.899375352016 30.1855773881563 46.9530955540743
"323" -204.550829499157 -314.157484938356 45.5006219215422
"324" -120.35291254573 -88.2598739982642 65.907028001591
"325" -176.05553022552 -139.799385043282 37.0566259017401
"326" -1637.83671140236 -86.8474882361957 28.3403185773637
"327" 873.61902990624 -430.024167325109 57.8509496863063
"328" -868.239813233904 -181.263870392269 54.994042782778
"329" -1471.15111771502 -94.7694297084269 48.0137642431366
"330" -213.722080525716 -356.687624709912 37.0990674762345
"331" -1597.47803143612 -199.207961692163 11.5961484554428
"332" -367.927291487182 -254.223764900368 42.555083862032
"333" -606.936200451234 -218.490775600852 57.4311838534689
"334" -441.503824557145 -314.084388473677 41.112336636927
"335" -1080.56300865466 -107.344846004213 69.7587195700071
"336" -69.2025382964268 -197.685346934795 71.630828833287
"337" -226.972053087335 -415.704410654505 36.40734016299
"338" 189.743576749858 -228.275077109754 81.8189130511781
"339" 271.572378003796 -177.13580048131 76.756525345181
"340" -118.068834904559 -353.189428392694 39.3863475274384
"341" 86.3629593902504 -322.986081613641 70.9834208878295
"342" -1024.17456188139 -51.6040938431213 10.0141666336304
"343" 273.686103956266 -218.741255981605 59.6505958249658
"344" -1.67113307033651 -189.444505796343 91.8998433235777
"345" -1316.89556302103 31.0150180399015 18.9967703727645
"346" -791.622828102265 -115.256986905631 64.223907242307
"347" -1553.58848696505 60.5463363202686 -2.93001253216314
"348" -1190.82841872036 39.9646646646489 39.3849466820425
"349" -811.178381295507 6.74672843452821 13.3783068429176
"350" 114.155634073647 70.1111520328894 79.4782415193091
"351" -1748.49156991454 245.433000472176 4.8994389196378
"352" -908.51077807075 180.005850862078 79.7994153752807
"353" -1482.164971485 142.294191541652 12.2835843498314
"354" -1874.14541999861 88.3791132547757 16.5034520048729
"355" -1679.87270148934 157.211854062086 38.0561057535577
"356" -1087.53209159558 -115.105425549926 -8.49879255475566
"357" -964.630518233783 30.0873505907729 16.7548739263379
"358" -1803.73228734651 -106.668770308581 -7.74591499809629
"359" -2027.95562399221 23.8310400690848 43.8417128303986
"360" -1808.80464688507 -176.627310547072 0.129749527046466
"361" -1686.53621320445 35.8496838801194 -7.29872185456697
"362" -2126.90909903671 -85.3136970220217 -23.2375874092323
"363" -2641.99582376189 149.495660540277 41.3421295573867
"364" -1410.58710082528 -138.208917318263 -39.0959919291358
"365" -2368.89186908297 44.0541444461855 13.4461972180092
"366" -2548.04513052525 201.385983596156 30.5357582144259
"367" -3099.62095005715 -103.954917190653 -18.4354010422847
"368" -1896.49044556395 -201.255760013217 7.57960276868794
"369" -2104.5972249651 -107.791509991216 -7.07273462926608
"370" -3028.18003317814 -94.8526432930943 -86.6741833294534
"371" -2824.05504329045 -231.976445878491 -76.6240875909194
"372" -2336.15696683158 -187.299624737841 -7.93861773350821
"373" -3374.22770850275 -87.8805721308355 -42.4414589999482
"374" 851.67300849158 90.683459611968 28.6690941847309
"375" 464.470583283204 -58.0665140015393 41.7432457252612
"376" -1560.70454664871 -132.63650051281 -14.1040797534467
"377" -392.275094910716 -73.783972679009 -64.4786412191463
"378" -1207.52887416205 -132.691160775606 -2.3462136669541
"379" -27.3126153460185 62.6487790758271 -53.8162067982577
"380" 813.247152860532 -264.527863672268 34.9337401989163
"381" 80.6440751118647 58.7300790912076 -114.905684010649
"382" 394.695374525763 188.058329384903 -98.6193757751617
"383" -434.1372543327 75.2248409451449 46.6393459468833
"384" -327.869682094525 62.2966345130683 -2.3233208209612
"385" 2537.2656944124 -104.751052035637 -130.688991936441
"386" 614.392295098118 94.0012843166854 -89.0172344348321
"387" 3287.68733336376 52.8821470257658 -64.6036057506493
"388" 2118.24731091762 -133.175261303617 -81.7566400484256
"389" 2238.6193109961 -209.342249921106 -61.0023101115069
"390" 1892.80492895952 -189.227413654199 -129.911046957126
"391" -612.871519838196 -144.839252332374 -5.487146374837
"392" 3256.89159187136 -224.91049435926 -108.843002639305
"393" 2158.56315908156 -272.242526231928 -89.189295827892
"394" 3066.26614963814 -134.862096532429 -151.153176094414
"395" 1803.20913363012 -169.921581023875 -85.9613637965798
"396" -703.637698519004 -176.496218208995 -74.4067949988321
"397" 738.882064168103 -206.935753959028 3.144447728049
"398" 1856.93485454859 -299.762119873119 0.340022159552595
