"V1" "V2" "V3"
"1" -1666.87691882349 66.8595837651294 25.0416639186218
"2" -2263.77329050269 132.970698486934 22.4693400150099
"3" -506.941821752473 65.8866109752535 -1.42009799425135
"4" -1217.60486386142 108.634228523621 47.016409155758
"5" -1385.97049131411 72.4699936224733 45.4606776557937
"6" -1373.49493663525 125.799951923758 56.0107628054739
"7" -1536.91385637857 -29.3800699250063 38.2452700753809
"8" -2066.2028323104 135.216126587316 18.1229334560579
"9" -2360.8037281702 216.776596488902 4.63006538160256
"10" -2461.13313998147 166.288753900588 19.851689394819
"11" -1672.06329114912 86.2480137243396 26.7569679864662
"12" -1866.51421285323 216.593643005377 20.9650541394801
"13" -507.897916743999 17.7388192150894 -17.4809833282355
"14" -2203.17366248005 188.076665890162 29.4806806477991
"15" -1210.14497147529 -105.07897685956 43.7322377884619
"16" -2723.85735743535 146.970970317804 41.1397309721856
"17" 10650.7661646089 417.683182327071 -226.170365354751
"18" -309.042404011668 118.036370585204 14.6227644268422
"19" 27023.282603277 612.261894532048 531.125682552552
"20" -2568.07063208284 45.5658326779454 32.1243254294247
"21" -2732.42628255213 43.3414078755049 22.2408341217405
"22" -1530.72677387879 139.674698805701 19.5794367063286
"23" -2658.08929109692 37.7572908622692 40.0543208624026
"24" -1736.58922099393 125.031991736261 21.4613517328443
"25" 10656.6322120947 165.14941325814 116.763334814964
"26" -3067.69521742016 -24.6992502649241 51.2709619450767
"27" 6502.76863140431 -83.610036926082 -230.185923157798
"28" 2.77562185397489 -8.15608917577271 -31.647659349622
"29" 637.559001095115 -53.7438226346646 27.5754711060352
"30" -3626.05067909808 -27.0863626450568 65.4873978291219
"31" -2760.16350655737 113.833868370361 87.4750173804146
"32" -3745.70197955427 -96.1777216268811 18.1647026877911
"33" -4395.61801836324 122.562473665647 44.8960446092074
"34" -869.802846151405 -96.0975051070243 59.8653357050911
"35" -317.916785456142 220.465912517843 -11.9456976683921
"36" -3439.813285086 40.6726083323785 41.2967948512667
"37" -3142.67821750406 68.4934142895995 50.6331098198242
"38" -2705.6873925807 6.99319456102082 43.7123482388365
"39" -3294.71129882668 10.1792533172177 74.7679061411618
"40" -2358.02454279693 0.754122531037848 44.8174835769683
"41" -1077.03785652804 44.2332112033248 -3.89817789274771
"42" 315.334155306651 43.1613288999214 95.3104889421368
"43" -960.147449567517 41.6315465206437 -1.76063700504814
"44" -722.496044068802 30.8784988705752 2.83296243730405
"45" -694.200750868631 78.7000651092335 132.010523279571
"46" -1590.22230208446 52.5300602506779 114.175081594491
"47" -1387.20756729787 116.269174714723 -15.6285073583997
"48" -1286.09123473554 76.6621359061304 2.41929544309801
"49" -1629.62513857487 173.981798729577 -27.7826554928685
"50" -3238.81082575768 -178.243091859367 -2.45749024900579
"51" -1911.40179958394 24.3840229875681 -31.7196314158913
"52" -2217.55378453569 31.3617716197586 16.0337290026962
"53" -3278.28980037862 -143.329948970533 37.266243606445
"54" -3204.99955538548 96.5645659923456 38.350997926666
"55" 790.738603895245 379.51459100827 -56.0578990978071
"56" -3430.3790141514 114.041538644435 18.4823916302796
"57" -1536.38802542823 92.8362012756169 -8.42275957461008
"58" -230.270298100295 97.0148946128088 32.737813622128
"59" -340.644452543354 251.457106188932 -22.3399255980127
"60" -672.299933038454 296.785423241462 -40.4684988138381
"61" -2636.42274444011 -11.6845081492549 101.983620397531
"62" -2643.5809102666 -127.764888585148 6.66228999936822
"63" -1212.60255108653 88.0445016226939 -37.3317012203175
"64" -2300.03097481623 -66.6532606687982 11.0799036856626
"65" -1842.56616333618 136.347486962099 89.6215638391148
"66" -2715.30399359867 -27.656063254699 56.1542411704726
"67" -2557.45996906172 -20.8185615355058 15.8973989753799
"68" -2571.73275829941 -144.831404983014 36.1325538998842
"69" -1759.59901969654 106.79773906109 5.96779162057395
"70" -2412.19173021605 4.96218746594416 -15.5479523971323
"71" -2243.89651836334 -2.33397237578556 -16.9059252085903
"72" -2716.76064916075 -13.4519578809104 74.3089915656178
"73" -2316.13393406127 13.4509441672499 24.8832028377088
"74" -1560.16390686615 -83.0171759968364 43.7663726564006
"75" -1300.44128836135 149.2584628127 56.0161581519338
"76" -2028.26255906763 119.15116190927 -2.13800768480776
"77" -1765.01958876348 174.06004797987 -20.456242845251
"78" -2231.78357387739 260.161042418748 72.916728193744
"79" -1941.48936285027 358.151710821195 109.457031843844
"80" -2278.63618309254 227.293559770278 -48.9292937902939
"81" -1625.2113883669 317.492976281876 -80.5087065182344
"82" -2489.94719936188 277.603517595052 81.8944273781601
"83" -1990.44545455517 130.39693015059 -65.5295776541376
"84" -3226.0989384875 46.0962566118288 40.7373938524007
"85" -1855.34297294645 344.024468416639 56.3167265629526
"86" -2444.20086995135 205.338782786954 27.1501437665365
"87" -2337.0058455502 78.7234486515294 0.381053235523614
"88" -1862.94319503659 390.971560588589 50.2645276788121
"89" -1900.42821340452 110.571394977777 15.0393291449622
"90" -1925.51697687891 154.678826529283 10.5889583160327
"91" -1733.58067735507 304.154634447098 -43.5898766022937
"92" -2234.90979024984 48.9571925775183 2.03708861766386
"93" -2193.47533119223 42.763822528118 56.0073162520416
"94" -2139.2416665301 24.9559451581673 43.5444683893638
"95" -1218.88880029717 316.700825505883 44.0518017012751
"96" -2291.6103911597 105.670926562315 10.2287200136727
"97" -752.964324193195 222.887491821608 -102.883339546038
"98" -1842.34593245854 -8.25584462425096 -11.2048739834595
"99" -1903.09126405464 143.44857403532 -7.42945607050803
"100" -1381.55503784497 173.721947401436 -5.6632899623895
"101" -1726.68068930553 180.841859923221 -53.9561053100454
"102" -1568.26206947335 -147.460454644515 14.7871341468563
"103" -1556.40560588728 -38.4942767715542 -54.3534205994653
"104" -762.744565335847 539.180039943133 -101.886909870275
"105" -1217.4750829654 355.815399152564 -82.7041040978974
"106" -871.772164703482 433.047697607491 49.0762849037602
"107" -1368.43535977156 196.88297984604 -30.258105256229
"108" -908.453393068742 408.958165980377 45.9903472923973
"109" -1360.99143658205 274.164288441285 -106.93071783093
"110" -699.666547942363 271.445948299999 -59.2843990677652
"111" -1798.2096389651 332.673937390945 49.3228777700865
"112" -973.937967871532 334.821468786925 5.35536220843528
"113" -1546.87328799281 291.312446719944 -50.5514270441055
"114" -962.941817429159 256.000449560362 49.1051154767736
"115" -1191.15897444217 238.171263799342 23.4211057873383
"116" -884.357078706476 172.312730272381 -19.0057011168247
"117" -1150.1165818658 396.08730162156 -101.592772007746
"118" -944.881238744632 266.359597802901 -49.8945137241827
"119" -133.982401727232 162.022890137733 78.9942655435825
"120" -1234.15301825519 58.1179271680869 -29.6703510762329
"121" -1104.4707913069 88.3871525691873 -23.9723345997967
"122" -706.364732805764 56.3586174900865 -61.867870806713
"123" -1152.52743174794 157.767668779081 35.5919571988849
"124" -1007.3202413058 41.9656632301817 -36.282582346786
"125" -959.05037699345 31.0924892700661 -6.04231370513507
"126" -608.767434246344 253.18542259153 -56.9093502570564
"127" -1936.20302948821 73.1844503444371 -22.083162634084
"128" -1849.43409410171 4.50235762811244 52.5031645337863
"129" 1208.83689819855 485.22520659384 -126.329430454988
"130" 209.169406062548 511.060691759156 -14.5088205014108
"131" -303.068212815559 366.221588461084 82.0119723766378
"132" 961.306373333969 105.682481385661 58.5022822567196
"133" 831.834808343651 347.735833105616 94.5478126564085
"134" -143.446737431627 465.475653811591 77.9654444909746
"135" 1276.25801410101 392.440972813698 47.5387301287722
"136" 305.428520284883 479.095182422126 -153.702584061093
"137" 1442.39164653183 409.998121538681 23.4582286247027
"138" 1712.83762037294 443.730199394051 -117.438086446352
"139" 589.701298837253 387.903791134156 30.9948267507867
"140" 1005.92587907804 347.391954484131 63.7060261980901
"141" 1260.95219912613 431.438543939636 -67.9495208572415
"142" 655.855622502105 196.098707153107 4.64126960759792
"143" 924.944995319917 309.211047447886 -67.5817833120978
"144" -733.58744252118 26.8056332694477 -25.5695337678453
"145" 2217.14846418875 332.004601207264 37.4281507125897
"146" 2438.13290467858 354.703838745809 -89.2238543321198
"147" 2263.19642642998 363.389846847993 -47.0012465098714
"148" 721.238588776072 166.987648954024 47.5858834249261
"149" 386.107295947637 269.148795335935 -76.8835084318493
"150" 2043.91686921284 181.786270959747 -64.6438995313667
"151" 410.719542645945 264.898281483008 -70.0937980213464
"152" 2768.10654744187 438.78636542479 -8.42848202513254
"153" 1058.32444933783 72.9237740657553 0.0283471111494867
"154" 2909.50480512084 254.376302052261 -24.802378685357
"155" 323.441915008118 144.030390215401 17.7227845733947
"156" 1555.48749233313 144.206181305271 -38.0367669160583
"157" 3176.79785947268 179.752015175599 0.341727157061051
"158" 4100.98573426139 70.6588075232345 -92.1073645228156
"159" 2155.28993488078 275.149444829865 -27.3269038536317
"160" 830.075517609026 78.4238855061325 -43.9941834612365
"161" 1372.09365554133 219.301623992329 -136.701297203396
"162" 1333.72021973149 141.722161183395 30.0247110280066
"163" 1582.05440025671 280.809525286017 31.7025715780492
"164" 1633.90296971028 204.740580511353 -62.6589383229329
"165" 3852.72453481724 198.907011781129 -63.5285703975813
"166" 2120.41536990195 151.615298609198 -33.0322187998252
"167" 4221.22663971982 87.9822748420547 -48.6786648022946
"168" 3714.0348259475 56.9996454107348 -38.7295317357781
"169" 4510.55942876192 -59.3453534554415 -123.978545503208
"170" 3247.48440474372 304.653842996297 11.7777220292047
"171" 2875.0320414319 139.446658719835 -57.4042342802493
"172" 3105.36042275717 168.525638224809 -42.4321068950083
"173" 2944.80051197396 75.9214515234605 -79.2514379175061
"174" 3124.29571503955 -47.3683916601717 -49.4332711049955
"175" 5161.3587792668 -234.488262942421 -152.62086901844
"176" 5649.97714736846 -170.966465408544 -14.3662551277131
"177" 5716.8321839371 -22.9175782170584 -85.5508891423989
"178" 3960.95621355192 -133.261739210923 -46.0224696527544
"179" 3654.07938684793 63.4240161515061 -88.5711875509076
"180" 4161.4973945938 32.2161473784581 -41.72478349894
"181" 6496.9516550177 -250.519677820259 -168.122732479732
"182" 3679.14885952282 -312.250421590715 -39.2941863195437
"183" 3556.88611480798 -372.239759281277 59.854365967131
"184" 7024.23447359314 -620.145690758093 41.4495394811935
"185" 7437.30165655612 -486.221132320218 136.247319147108
"186" 4965.14239911352 -270.521426010042 -69.0994966892013
"187" 4198.27965208152 -225.965523475225 -71.6197468667635
"188" 5871.65867050915 -301.500750511521 -37.0820607619353
"189" 1918.69493928054 -37.217182865219 -22.1157058691841
"190" 1065.82917755391 -310.65737333101 34.5061842894848
"191" 12802.7015582539 466.479898089237 287.11998918716
"192" 810.164857169992 -154.371024093784 -0.603203355369537
"193" 5814.1821285621 24.1062495670093 -169.370553999612
"194" 7358.86860702782 333.759801159607 30.7386935379122
"195" 1556.45500132472 -204.414760160256 -24.6388740897066
"196" 1668.42726425812 37.8733396823971 32.9897259768395
"197" 102.117529640827 -45.7300449888407 -11.5164055005649
"198" 2112.24110475813 250.300677734412 103.781366305995
"199" 1043.6156625668 396.402762849545 -74.6639184999059
"200" 200.35945423983 420.270084107672 101.747760285672
"201" 557.947798637164 561.730127516384 -102.064825721826
"202" -262.02984255591 125.835180133406 -7.2628673669828
"203" -593.513781622654 294.941843426052 1.75964375283859
"204" -87.7704875400091 222.294315657802 55.5620615153455
"205" 121.749425804745 429.196867441083 -98.9993579789735
"206" -59.8479093971876 429.200414653762 14.2342577528613
"207" -468.109318962342 216.067385656237 77.2588027197515
"208" 389.036124026414 466.455744848986 -90.6976255479526
"209" 266.976304641608 371.732105994001 17.6426193675337
"210" -13.0958582247034 426.521747622461 -101.745924613711
"211" -320.692809150589 117.753190209607 22.2536991919069
"212" -275.61447564125 174.224541392641 70.5958148411403
"213" -1484.64461265514 350.434881609075 -68.3030264554472
"214" 326.887543719777 314.470966572493 -70.8142843922886
"215" 393.734754076548 329.639688882209 -92.9174745536441
"216" 194.046814871053 98.5044686426643 34.2051163188576
"217" -335.625996912134 315.120776372454 -57.0323660358232
"218" 627.976073200005 121.207378699273 18.4744377363257
"219" -574.176218768359 191.825399234147 81.5799082462269
"220" -48.258393594251 138.161055215528 71.3619351602655
"221" 870.688164102243 13.4670628375381 -48.3995004995022
"222" 550.092295369344 138.162957465243 -0.0149172851892157
"223" -598.622841758201 418.817047720813 -87.8775825884153
"224" -43.2255071504132 243.982063037547 -51.772822346958
"225" 116.086611819878 161.606989559223 -103.671572397771
"226" 209.052181697437 121.944478917909 91.9904655485933
"227" 1097.75113060626 296.395267390433 -126.391526613503
"228" -334.306214371616 187.424369886918 60.7685535729575
"229" -465.984003310543 144.602269391941 -47.0374727351401
"230" -544.735998438094 140.180003053276 -22.1732456633024
"231" -386.168390799293 124.528199750974 82.9236951405287
"232" 1004.64126788339 2.40578768785887 20.4911773392287
"233" 325.750315116187 28.6292285358663 -4.66551128657341
"234" 312.417666117321 247.276809469131 -93.9875736104622
"235" -215.522287268206 -19.3177193270366 13.8929061292013
"236" 1667.77468344475 125.732141446841 59.3546916096409
"237" 923.061689316254 226.555762074984 -51.0669145462754
"238" 1591.43427453758 -76.9548853683687 -62.9852072511308
"239" 1828.78403354813 81.7705330634171 -103.196962419475
"240" 237.281345470982 137.227433178795 70.9745872507466
"241" 288.128771579746 138.967126274934 78.8136620291838
"242" -199.307869577965 138.013959419486 -9.65362156522465
"243" -490.62061077102 22.6781171701081 14.9543425821183
"244" -221.924262113053 107.627701098097 -63.3268068566977
"245" 965.368253696866 -117.490321413624 -78.6007432080187
"246" 751.244893741605 121.296744121284 -82.3544781776681
"247" -246.956178238161 172.241661686465 24.8908731603892
"248" 409.643097598691 -97.3077347219555 29.2878503733708
"249" 871.194948446056 153.209363664068 -137.850715118833
"250" 411.617890591957 -98.630374302035 -38.6960338794175
"251" 1156.61528960395 85.7436500853931 -95.9921607081512
"252" 810.576977472698 -242.18501736983 -42.1291539846687
"253" 815.750368184985 -209.812441147447 -23.1054552025979
"254" 53.556623782129 -16.6639512925493 36.6852739983869
"255" 373.49385640927 16.7566249232598 48.1406120221292
"256" 141.616421605302 -86.2249880539023 -59.20115982334
"257" 474.292922590136 -150.372779154863 -77.8690116818904
"258" 848.042835800594 -185.862978747971 -83.4489863641329
"259" 741.407577109051 -100.15040332235 -63.647482051599
"260" 116.127338074764 -148.540454946605 42.6441300259682
"261" 689.807517480583 72.2786435794329 -95.9674212299146
"262" -1037.88405957684 -24.2042971746896 53.3491087077801
"263" 264.42311114888 -158.119265429562 20.0659387466613
"264" 250.90624008839 -170.080080913279 42.1583490215493
"265" 1238.20188082182 -123.953145355179 29.0048110978389
"266" 347.45251249244 -222.985287975266 44.6052458575263
"267" 346.798822497551 -86.0238216249246 11.9620686236417
"268" -69.0580842661741 -77.4381607814049 4.8038935068632
"269" 295.480296232798 -139.904731761433 -62.0861036142281
"270" -72.3934753626868 21.8972227876462 -14.3349705161713
"271" 199.205408078628 -144.477139322484 -71.3391756583553
"272" 220.95576667301 -97.7707081956848 55.2932213458509
"273" 78.3831756094742 -112.14844612521 46.5156851774831
"274" -22.8835611006291 -35.5407007078285 -3.82725841216835
"275" 65.6564402012582 -85.0542540746195 7.27368919012731
"276" 27.7986238030456 -184.033573834275 -90.602904860393
"277" 19.7045239761812 -79.3224000474639 28.2443985359643
"278" 76.8727264569971 -20.5141104653793 -47.4888656589686
"279" -61.0445208562996 -142.03664698466 -18.3475654040716
"280" 582.802000170801 -130.106180551435 -78.3701029813683
"281" 3.81294786653809 33.7186183153189 45.269301370626
"282" 627.73236469969 -125.930774846015 -4.41816157472351
"283" 173.505687775717 -150.470162065338 15.3124862039916
"284" 134.357139105014 -105.381241492151 2.82131810757302
"285" 678.969544953631 -264.865954297361 -47.4009214215017
"286" 218.85740641371 -273.679260939987 -31.5771545745728
"287" 285.114827897053 -220.954428897394 -93.6330827502608
"288" 844.249479444129 -163.997903975483 -57.0413874948501
"289" 343.520776188146 -104.184595053687 -25.1523900413243
"290" -623.635908156884 70.1996754156096 -17.1150469451049
"291" -345.734346692119 -164.402069089093 -6.15045443543274
"292" -950.62858295161 9.72701342260795 47.5332891462875
"293" 12.4258301483102 -39.3357450840931 2.19013049490211
"294" -197.304609670716 -106.397528127642 -1.77663927411758
"295" -897.845966185581 -53.7530959027398 16.2540291348051
"296" 99.880540567731 -152.194619446444 -43.1243972864853
"297" -623.015162154047 -38.6289829955123 -19.7152728648495
"298" 346.582255164166 -369.365308961531 9.5414846869386
"299" 53.8263515761923 -312.990658599868 -29.0966216018549
"300" -120.343616793364 -235.418374412731 -27.596204023564
"301" 728.601595089064 -229.476211949275 -68.7510970307147
"302" 600.825446126685 -312.818040767598 3.43380458233802
"303" 3.15900422940164 -328.164483681602 -8.82208166119814
"304" -348.998146924043 -44.2058878683142 32.7210360267399
"305" 653.486684667244 -318.475933920328 4.95758762268045
"306" -5.64828344767037 -129.488992664071 26.5780889312096
"307" -227.951861982494 -87.751000901953 4.30280945515509
"308" 232.594310095943 -56.7849176491839 8.43365175343384
"309" -0.209263792831657 -31.3440995946039 1.05677237756745
"310" 404.86080480534 -170.426945825378 -1.70515979685007
"311" 274.317709080077 -405.81795622191 -51.0002150772078
"312" 540.708878599795 -257.356927570264 -9.58884778500352
"313" 471.357961497552 -263.377562443413 -49.0414888471957
"314" 344.495513778641 -359.069192121198 -58.178189124578
"315" -278.861522484977 -18.3821284129243 12.8401338032029
"316" -384.670038025957 -242.842615094493 23.9661815533333
"317" 36.2861923339563 14.1071181209783 -1.74754665480921
"318" 159.847374769268 -160.053060586587 27.6733800916474
"319" -56.2805877248867 -253.97190662658 -11.8441717871477
"320" 278.027624313037 -150.678397396562 5.32869417111027
"321" 536.848129802392 -166.367214864312 30.6171198344557
"322" -37.7532080169468 -81.8623327169617 -7.94914624275276
"323" 22.9783928725322 -247.270456699238 25.0284245897853
"324" 429.71040555413 -85.6530409415545 -8.91457903167574
"325" 132.56642351171 -103.830436369328 9.09535883376446
"326" 303.242177842374 -159.114563077779 15.9200550477874
"327" 171.402901273746 -83.5123688564733 -16.2843748296636
"328" -247.640058126437 -137.615885607062 7.79722898255124
"329" 352.496577978546 -411.801935170891 16.058369153097
"330" 491.033382137281 -281.144228103144 -21.7895772698181
"331" 177.548518250746 -119.520329047982 17.1335121836011
"332" 99.2241914594197 -69.7128312192128 1.59251858552592
"333" -341.766497504466 -122.193726068265 3.77316034156383
"334" 608.201326908012 -247.23674698513 25.8088993754935
"335" -130.740857551829 -197.219914799268 -15.0637065280807
"336" -249.840150767292 -413.918776355231 17.1989477449535
"337" -263.46739822852 -208.597782975525 9.98441502300292
"338" 1844.576841484 -567.540028046631 -56.9646041361962
"339" 907.074495438913 -191.649365064556 -3.14327197409811
"340" 107.265828131792 -281.395672117978 34.419556080445
"341" 471.584592629185 -7.46890064891134 3.97267082445151
"342" 365.717800725327 -54.4481889427877 -15.6634430444272
"343" 795.517588728452 -175.677261095964 -74.5502764483717
"344" 1739.52984789805 -133.851814255773 -9.25732811700014
"345" 1132.46002484184 -298.757643949114 -39.3488139119899
"346" 2497.88892131007 -304.800533132397 -67.5317481507092
"347" 2667.59777460485 -181.946087116512 -15.5579418352336
"348" 212.209268209295 7.77744725328789 4.49567472575159
"349" 255.961739421575 -13.9536179351504 -53.6954503326714
"350" -424.684645581449 -143.110139933071 24.8746170251172
"351" -197.195044230665 9.84819175370166 -2.00351294695992
"352" -451.409136060669 37.9009092089515 -4.20229435086005
"353" -1011.62420149908 -215.019301604486 12.5750855767384
"354" -1047.95317013431 -291.801780680346 29.4932883006049
"355" -632.888162053933 -228.464831468745 -30.705500503537
"356" -1234.07713701797 -261.532854704177 -11.034512221437
"357" -949.75211681174 -272.282927083994 -45.2162492666011
"358" -1325.07872270502 -219.794504478503 -13.4583402051505
"359" -1042.28106319482 -250.019925925164 -34.8301710419846
"360" -837.917358976473 -300.603136155991 37.1906006619323
"361" -892.727653145239 -357.434340900944 43.5288638714032
"362" -253.568899247539 80.0376438727135 -37.1890851046166
"363" 917.549494131251 -260.453100516152 45.3151991807942
"364" -514.070493965728 -25.2095626525703 12.012932638041
"365" -579.225650818665 81.334566142706 1.3437977300579
"366" -213.700533791742 1.19930007704242 -5.10565336804854
"367" -908.451788464445 61.0069620616275 10.1309518299996
"368" -1263.08518545445 -24.3725355121736 10.8654803102744
"369" 533.611274617013 -415.217684332264 -18.1324695949855
"370" -1532.93203972601 -96.8467111978244 26.4305054912259
"371" 56.9927797431443 168.439042139609 -15.0539603857869
"372" 345.248451663976 -351.408970085319 -106.999949523701
"373" -290.364751746151 97.5442609186798 -6.63797084803869
"374" -599.665417856574 13.5102069775784 3.2067502215231
"375" 37.5832843772549 -362.795098305681 -67.9372014783175
"376" -870.936342671847 33.0209760200187 12.3835844537667
"377" -545.260500785454 -154.524948355332 -32.1072657701799
"378" -232.610127215913 -420.76132671926 38.5162267079852
"379" -341.288672510021 4.36846959513378 1.29725377202339
"380" -1325.85609094581 -60.4824147011378 32.9320084828324
"381" -370.530281396679 -123.088481730711 -3.82699684834712
"382" 154.759484939438 -250.826965257554 43.0444527182612
"383" 543.098295806773 -384.782308805326 -73.0441032151967
"384" 424.510922769258 -226.698527231256 -62.8452115823313
"385" 456.066984638216 -219.766634555909 -49.8635371048372
"386" 153.783847469227 -71.4139488616098 -32.4613145747036
"387" 117.305721960547 -247.397667835742 18.0381660910244
"388" 781.220483668847 -294.698318031072 35.9495530342529
"389" -236.382005555891 33.1900987514945 55.2075106437565
"390" 78.3993082691557 -21.2652970385173 36.571936178175
"391" 410.185110402115 -110.86341105382 51.651177389983
"392" 433.087675049409 -342.775721868162 36.5439010159027
"393" -1110.8028649768 -60.5640045961088 0.52321875784374
"394" 480.194208757296 -215.17071667479 -67.5113259776243
"395" 732.994777617707 -355.187061568811 15.848427992058
"396" -1241.82252672685 -116.921625068841 17.2489757676245
"397" 919.945056021968 -442.26899339919 19.373335925909
"398" -297.730101607249 24.794523682222 45.371653253737
"399" -259.454398052377 -187.597774914553 -34.8807606031686
"400" 352.494131360802 -322.773073711167 -43.2146586530542
"401" -673.941040987748 -36.2886674877088 32.9586982853975
"402" -373.456457973097 -153.59174880574 -4.83392178179617
"403" 37.3961589234304 -324.901617982238 40.5331024110906
"404" 1013.47036710035 -338.692359372948 35.1990326692427
"405" -1294.5983060276 -242.227543653864 13.6034681577228
"406" -282.423581874985 -193.595675621758 -22.0745681054625
"407" 23.5137872642785 -217.79072259852 19.668742469458
"408" -102.866805844445 -245.201232673306 11.5455216923661
"409" -102.508197274163 -342.483565898431 35.2971363660453
"410" 81.7017214672939 -336.473043786449 -27.8982877413769
"411" -364.805779655375 -203.127730259105 -42.1655653814465
"412" 222.358098208631 -251.58694592581 -7.19599420192007
"413" -126.906993331215 -428.337845226092 27.988066685931
"414" -285.102150622905 -106.021129691448 -45.7953656656235
"415" 347.219388306625 -204.600660088193 35.4763299893827
"416" 36.855324728335 -314.332205062524 32.0413329844949
"417" 310.429139487553 -184.771716623373 7.24644477542179
"418" -455.840124803521 -33.117258799274 10.7776204001537
"419" 251.270223400588 -296.349739999636 17.0485001841328
"420" -908.453860674359 50.9246379351348 -0.0327963727742752
"421" 138.637072298713 -194.655824900273 -28.3810055567442
"422" 218.30510949585 -210.219955410894 -42.0928431646931
"423" 75.8109804444319 -125.362052993429 41.8363707272408
"424" -147.492897505885 -92.7684067513048 4.63541150257896
"425" -854.915399609077 161.816559539147 24.3927828333156
"426" 169.037087013334 42.2761156713093 -28.9219678628237
"427" -1136.41150098695 190.765569792711 70.8711830822575
"428" 2871.69533742353 -281.269426214435 -23.0937449704177
"429" 121.249855623238 18.7716565457621 7.91090651704813
"430" -469.387419140335 104.514064968539 70.9841742063207
"431" -802.190902165144 164.030149596117 -38.940722065017
"432" -510.878787712725 99.2040038324524 63.1431045940216
"433" 103.770041082778 -12.8928849610047 15.23873759213
"434" -1253.11254268649 181.636618974202 -17.4790894729161
"435" -1739.6145548317 176.584534406773 38.6707849559392
"436" -1177.95864533422 141.821285670167 -8.8921412145868
"437" -1241.97937007471 -20.2588769724004 81.3019071788031
"438" -1393.49881161703 68.4411258961073 -1.32855955157178
"439" -2044.5927552419 -97.2577148931624 74.4390682354548
"440" -1966.3046164513 -83.3395308745562 78.1745192807938
"441" -1606.03361866005 101.072508657174 1.0455185835918
"442" -2089.1321357485 27.3673246893971 66.6172654860964
"443" -965.865917166994 -188.057879173336 35.6597833363183
"444" -2584.47208908227 61.6525149405914 64.7496660039
"445" -1755.68807572319 39.827920434033 53.9121695788392
"446" -2259.43711654292 29.2546517625474 29.6562750447262
"447" -1367.25948485047 -99.1906619069326 21.311984583676
"448" -2097.04744434676 17.3421520953879 21.9820464059872
"449" -1980.24094791194 87.0143074433674 55.3951088824545
"450" 257.562404818511 -92.9040348901357 -4.79487657353356
"451" -3125.38129706865 -101.852470643266 73.0499425828807
"452" -3218.63442927684 -25.0479923856614 47.3259402496139
"453" -3246.86433661287 -102.254105562049 33.0689026695624
"454" -1961.10327075854 -101.538631337283 15.3785117966145
"455" -3194.47347064587 -164.725322345464 33.2104444492755
"456" -2033.69274889004 -111.064825869669 1.76016973535633
"457" -3264.33361326389 -106.809958586429 21.2924416768855
"458" -3200.17305835398 -69.9588062161184 36.5107216660269
"459" -3021.65195451313 -134.137881710611 17.1849906320627
"460" -2607.63534573864 -256.006723670133 61.8739436745827
"461" -2521.34511476752 -201.801402803179 90.4403545948076
"462" -2786.11750304639 -39.7603041023218 35.8808852025994
"463" -2826.86321031953 -14.3045901745954 36.4386078955211
"464" 1465.48279563229 107.992153079157 53.8894559520639
"465" 630.007525962352 -156.620607310117 -7.24608361774473
"466" 2053.20937882561 -432.064276124599 -31.3349223533712
"467" 127.594632694812 -52.3744889644237 -18.5521916579098
"468" -328.581575564411 -394.684580924754 -16.5922561722987
"469" -95.9576905945856 -103.396132692988 -14.6077522526461
"470" 1331.47165585157 -284.867465377388 -62.337059111013
"471" -717.596457497197 -148.581866359178 17.4335342390944
"472" 1035.0451792377 -226.357375700237 -38.6831335901483
"473" 1338.8902124595 7.59679796415333 11.0909334223531
"474" -472.268265052695 -167.813963000713 23.8607432813635
"475" 1398.19381321341 -291.63590823443 -44.9135771803458
"476" -286.936124521201 166.457811094296 -68.3185135370242
"477" -316.828538577807 78.9226974905606 12.0430016547344
"478" 890.969680489241 -57.5719252919979 -135.438792025422
"479" 1494.59551281998 -463.929491937772 9.90418003920086
"480" 399.90595344617 -158.999010322751 82.077449478109
"481" 174.746400049722 -428.195669912013 84.1226345463063
"482" -560.475218073539 -404.156490085554 -3.85422849855219
"483" -1109.8980082235 -183.338818817114 -3.26270470597116
"484" -551.681084318819 -194.094143412992 -8.76580199146725
"485" 2265.98739896729 -447.763334129478 -1.3284984215033
"486" 1904.21676168468 -322.74390821677 111.998306987301
"487" 2694.05553173944 -260.989964636448 48.0850797499785
"488" 2434.47314111278 -262.101373076525 92.3571709113888
