"V1" "V2" "V3"
"1" -973.636192147778 149.453620013579 18.216792718045
"2" -1390.05966886008 119.294248448916 39.3815566150111
"3" -2197.32751845628 128.146497722204 24.8083538771172
"4" -677.844803401498 24.7801947145635 37.9981168776798
"5" -261.571977144529 366.677404553967 -41.1996360968415
"6" -1038.75828042765 246.417042823192 28.5564040628625
"7" 1208.21754232806 236.629717557867 147.326785137356
"8" -1540.33321699891 156.402927995925 26.308095719273
"9" -1720.25883031557 195.714945508633 -1.44241523746142
"10" -1946.58822903047 126.106441853537 30.8407052238004
"11" -2584.35296333779 246.967157068105 -22.6902109967298
"12" -2611.16812080834 188.598434163428 -16.245442414723
"13" 61.3664315678271 84.9091889544187 -29.3322336898758
"14" -215.40373361332 104.373312809417 -9.63719340041853
"15" -2857.53490799165 182.273695526405 -21.4513285657336
"16" -2100.1642467897 191.298175899714 32.7140666831787
"17" -1802.61718102124 92.4169289152564 -3.33802154144761
"18" -2107.03411111988 218.894312255552 -26.7551171090458
"19" 10392.9546890091 206.592131125774 263.981925830997
"20" 23930.0020149722 840.489826197908 413.733565968258
"21" -2272.88196415677 -43.8664317406159 0.0155137281874962
"22" -2929.00692787076 63.3954974556263 2.17571084246233
"23" 26530.4368226676 757.791227843128 -634.399651185212
"24" -3219.33320606483 70.4080346778614 -0.0561495225653114
"25" -3250.07468821795 8.70008109936574 -18.1310722373015
"26" -2266.45706861244 55.2484911607634 14.9489007404199
"27" 1044.74838079642 -168.749320061591 -48.3738980147391
"28" -2699.74135986024 9.14973151573536 5.9885998759607
"29" -2204.30513431081 114.673953927576 36.9763229000493
"30" -2584.67144774014 108.057360978748 22.5004875431591
"31" -2966.38561338422 0.244539938146438 -31.9220074176064
"32" -2783.73829313957 65.8116094726109 29.3448991856963
"33" -4695.54637662244 104.844435016418 34.8396953685775
"34" -3807.75928444876 -36.1884176257258 -2.94150830433443
"35" -3337.49463404538 109.969439580592 14.901829931832
"36" -2769.10010224183 155.430598335837 -23.0527029661495
"37" -3190.10546227104 61.4904319244464 20.067197599989
"38" -946.639989830529 135.211275299442 7.88738340276163
"39" -2973.00407671869 -13.2413189056304 5.75978556522255
"40" -2757.53933093407 -48.3940406161895 12.1236692082087
"41" -842.493870743768 14.790587169596 76.5528707225313
"42" -2240.96062347206 -2.07020428756828 5.34775139544547
"43" -1119.79068880254 42.9290016637447 -12.0022664150429
"44" -1052.14469455405 84.1717183201129 -1.54145649944074
"45" -1386.99852777219 75.782540521212 22.1316667777356
"46" -1816.64465583762 155.015594488951 -29.3729179277921
"47" -1695.48799416872 211.072157526875 -14.9511663546502
"48" -1698.81571190429 92.6405126343291 -59.9275763882373
"49" -1480.52108142693 168.12242943373 -54.7826903390898
"50" -1542.21135090011 39.8809504171309 73.7423891155004
"51" -479.823536940826 377.642301542772 156.561848694453
"52" -1880.65883988773 135.785090848276 79.3723390988411
"53" -3455.37533170986 -115.851249659627 -42.139730754524
"54" 731.561074087349 449.782905996416 -39.0900457115991
"55" -191.120571150157 199.647844557976 71.183049450586
"56" -423.267136866188 264.300869563494 -28.4139152941145
"57" -2323.51879232194 91.0796484775009 37.9699576659169
"58" -1543.50559865952 137.53187986289 10.0803600263771
"59" -2728.71668665558 35.0192093900082 23.3097256839073
"60" -2159.40130321003 70.4749664471705 -14.3966197993512
"61" -1327.17456103788 171.068202001151 -15.3863619464644
"62" -1742.04562513396 92.1373425168497 -13.1299733984019
"63" -1435.33786887743 112.961517755747 24.5722101699292
"64" -2211.61248128828 101.335880400685 -20.5867800709715
"65" -2827.78896320635 -34.9994438012865 -21.6636007258108
"66" -2438.1547928574 -0.535819284078794 -12.5682289651343
"67" -2670.38677585633 -30.5987328356103 8.95073613971147
"68" -2053.24571565312 1.99442237205109 44.6897510249793
"69" -3202.40145202443 -3.0599566354716 -7.46791870368792
"70" -3413.79856963486 -43.8539304226736 -8.93705660392896
"71" -3398.63048763299 -101.140026028931 -4.0834313927583
"72" -3345.69951003424 -62.0835009148844 -49.6978036735855
"73" -2398.57680691778 -27.5481653657515 -16.3911851028567
"74" -3407.06940302378 -42.5416280205828 -55.6337667381981
"75" -1844.71656309391 -129.222779065431 -22.2940985677069
"76" -2275.81616528499 143.290073684401 3.7639238425048
"77" -3011.98605834531 44.3973088793631 -52.4869570844303
"78" -2143.20596339832 227.701072859298 -33.8087859006483
"79" -1520.97808618496 -128.278082937855 -95.3776432914032
"80" -1532.64706170522 44.3900775382628 1.61130645139645
"81" -2373.34741028914 197.134578757683 -31.6800761134345
"82" -1455.88002376598 310.276133014071 3.4941378723094
"83" -2515.68403141791 299.671036389456 48.3779584116974
"84" -1758.32414825496 438.736905733367 86.9121870422111
"85" -1206.76408275938 332.760896263573 -79.1561778435152
"86" -2225.68849679365 26.6314113837522 -15.0908971206486
"87" -2592.36260699758 98.4004840838557 -36.2534002555118
"88" -1921.46477717455 104.051043512909 -50.2722617582176
"89" -1911.77361330017 211.353378442494 -87.2333538467129
"90" -2391.28429997727 52.7816915833695 -37.3180296081241
"91" -2242.75164178707 23.0141462137307 -35.6075119469707
"92" -2226.31232590538 123.13428100896 -3.92639044407042
"93" -1540.39040676841 296.458896090062 10.8387222063242
"94" -2239.72328172122 7.74481142286892 -8.37366270453638
"95" -1426.72617163451 275.726495212403 13.1283412001656
"96" -2238.83871223408 79.8100915478299 -42.6365882965624
"97" -2488.85847088548 115.181135762672 -12.4062848210192
"98" -1404.14558676524 29.1944384427589 -15.3482195408884
"99" -1230.29911490374 376.911758520287 42.8500859035767
"100" -1433.24315220321 160.144428410034 -39.5548444593198
"101" -965.491164286995 548.744036283512 -69.2226452921409
"102" -994.622705066546 568.477513521438 -70.9918516415513
"103" -936.778819926358 579.12434618852 -98.1817321181871
"104" -939.979599182763 469.237518070114 11.2061391551889
"105" -1971.20259540989 325.591419378586 -30.3703947639922
"106" -1543.12046233567 454.121381765668 10.2753362800581
"107" -486.773822774358 325.112724990987 -63.7678088100586
"108" -1653.25906848828 374.564489905856 -40.1668335120955
"109" -1724.43903749642 296.689602664287 -100.782255837604
"110" -843.148272034443 50.1284809822668 12.7403497561127
"111" -621.848492385757 273.032875121381 -31.429961752171
"112" -1364.46080511238 190.402970326751 21.1581718553215
"113" -877.248270364122 97.8169223098078 57.2303889676535
"114" -446.088642874435 93.4794377948693 39.288250506882
"115" -1927.45759652395 113.609368267549 22.2715394468706
"116" -2419.64223001789 211.316112105992 37.0501518260658
"117" -1314.2930260684 146.732058748542 22.0267927847676
"118" -997.573086855137 163.60870020716 -45.3205744534842
"119" -712.207899399112 177.1711908162 29.7984272316674
"120" -1635.1696369476 150.431273125764 -8.68828346023385
"121" -894.908454989825 66.3804406895102 5.66403149218809
"122" -1269.4693642724 66.5608709407011 -5.33387052342806
"123" -488.332212039844 249.874042456418 32.2863505211881
"124" 778.418323703296 248.327674434567 98.0573037381381
"125" -486.078831537185 450.292340107604 -71.5145329825991
"126" -1144.25300072453 47.5172878407037 -13.6574638295148
"127" -479.706383336041 440.976512948163 -45.163781323805
"128" 2107.01272203917 547.895722223342 -89.4753601164993
"129" 1265.11559441153 294.806484915196 102.020451784875
"130" 1121.38478275988 501.146191769172 37.951260333788
"131" 1379.72064627614 464.684458682008 102.641777823343
"132" -104.515990450712 460.781733795945 -117.58927340743
"133" -2643.53375150955 17.0219969042427 -15.0470627309829
"134" -2506.36681476874 56.7072099795682 -31.2947364817251
"135" 2030.12451763329 511.475508661597 -89.482760907601
"136" 276.437352254083 585.679334313033 -23.9882022178425
"137" 1047.69456829648 285.615580520476 91.0442641967452
"138" 1951.42208119081 376.097940866022 -80.0647427347879
"139" -42.8084496031103 426.837502619821 -8.3016724210006
"140" 994.58435650475 241.594924316495 -78.8751533399978
"141" 78.1390458493022 420.730187249351 -51.3942552734632
"142" -2674.38005504935 -46.9438179713523 0.763386124409682
"143" -321.212762818017 222.852702219769 38.2529908741202
"144" 475.45113189091 115.537816710187 -16.0864532816099
"145" -1413.07509150051 -94.1940133516509 -9.37824003166515
"146" 639.478007871112 278.14079624906 44.8972293878954
"147" 474.359758724287 120.389269403398 61.3407295413113
"148" 503.855184676679 242.888379896233 -88.7854296710325
"149" 1630.78498007794 285.41166779527 -17.0290635295038
"150" 1025.67376070746 219.094760837318 -48.9052280470681
"151" -49.9865563142654 191.837991909702 69.7569746547014
"152" 819.339001231394 235.274303110402 -118.603325885319
"153" 466.332552212087 263.767992928895 -44.7640320306922
"154" 1924.40738491071 367.801193805628 -3.86566571014197
"155" 1863.82803057728 253.798946130873 -97.5888042647774
"156" 33.8136837282091 262.996165396495 -6.67363152344409
"157" -16.4674413680801 70.7590142639623 -4.94221926121551
"158" 1953.69870387553 208.305611403168 -51.8291159529465
"159" 1736.78561130651 81.0882939064289 -12.8880515255703
"160" 561.68856722122 240.946585710269 -145.604725531411
"161" 2339.28570730673 366.632403568475 -8.3467814492446
"162" 1593.86316226887 209.457232898542 -24.5775113275598
"163" 1340.90146171084 200.335055124829 -21.8797300740503
"164" 659.186829671709 244.433995986223 15.8052715142055
"165" 2650.73777440864 251.936765942341 -37.5708334440926
"166" 2460.56659010432 289.579252456699 57.880860209519
"167" 1141.48139299514 281.238250605463 -24.5008955238425
"168" 3235.09483590148 130.986878250764 30.4907004869193
"169" 640.700908997997 61.6130225867954 -40.8497608686434
"170" 3500.1863806984 49.7458183724721 -29.7941093503872
"171" 3504.82588007559 234.989118977739 28.3405493594939
"172" 4274.47035807993 4.16043277001532 -43.64148218331
"173" 1586.72966616082 183.742193712872 -144.333754235462
"174" 4416.63931250568 -44.6015159185061 -7.42801710217614
"175" 1790.47515908348 283.565010199449 -101.08268584342
"176" 3789.80631252277 -17.8163586742481 -38.8919083012935
"177" 1690.75891865337 150.101335191228 37.8003812501576
"178" 2351.19423067481 192.446894357676 -104.290908900377
"179" 2641.62863528687 153.61653015795 17.2388337154485
"180" 2427.14148542758 144.853206321216 53.4919958801321
"181" 4820.39162527857 -11.1108848459217 -3.68947412087607
"182" 3075.97762096141 145.542798358895 -81.2456518300289
"183" 4945.53967348276 -189.039498671617 37.4557309120017
"184" 2964.27545294394 127.951979714375 -17.0111520099366
"185" 4149.72229192564 -4.79252017610589 6.9148106846386
"186" 4544.87637037094 -263.146305224255 -49.1420382172866
"187" 3178.84204767806 68.5991125036239 -49.0997756847202
"188" 3169.4456774842 -157.209257069342 34.5727887146286
"189" 3572.83215078076 189.059469854564 29.8531485335433
"190" 5760.0747883766 -341.694356730153 15.6746994561863
"191" 5562.37491841065 -235.750863645998 -11.6874729408853
"192" 5964.73094454088 -339.137884672541 52.236390548713
"193" 6413.24645792302 -377.458475096505 55.6733342397348
"194" 6267.51752908204 -281.915401341473 92.9285241548347
"195" 4196.12757189265 -484.117615886795 7.2464226649607
"196" 3931.80933354039 -153.216534831959 -29.4473206154847
"197" 3765.92952104357 -602.305948959807 53.9539061727493
"198" 3099.42671164762 -137.437680843634 47.1048345609524
"199" 3038.99358200075 -87.2170823561548 -72.045373588975
"200" 2845.76846307894 -200.169439738137 13.5847942297543
"201" 4281.77354549051 -247.327151222216 33.8167327220963
"202" 6886.8193278901 -677.966913021723 -39.9841254262993
"203" 6434.73191621377 -441.512870661229 21.6306683748684
"204" 6305.2206246309 -204.720370965489 28.8719983554587
"205" 10154.8827282024 -525.369956106788 204.967252821635
"206" 5059.72346252839 11.7440289726752 111.981428074788
"207" 897.523210017245 -301.163488471225 -38.1345110078385
"208" -229.620339373736 -168.123092522284 39.8565744272903
"209" 630.538264767827 -206.774304384256 31.4451801234874
"210" 6320.70597225723 304.771935621747 176.810844637206
"211" 7338.05381055834 -103.152463359146 8.31213752029064
"212" 2534.97911552181 48.2956895446344 168.077780433697
"213" -344.073442835716 -157.240307755533 64.5458981744592
"214" 478.158291916051 -282.018500814944 -2.63260142197726
"215" 1859.1006730463 147.10726819851 131.945396792711
"216" -96.8959424454341 66.9137722378967 -17.0290929441163
"217" -114.98376991997 128.837259473869 126.461751919658
"218" 184.328729807103 326.530347007065 107.409088491654
"219" 136.237758508073 502.982495399434 97.7555772249975
"220" 456.561919911874 488.726722185755 31.505262579909
"221" -571.298390231582 368.767686561235 11.7550611540293
"222" -250.356023985249 448.052701483956 -105.216000143414
"223" -2.94220381951871 467.860253484429 -72.6813719594209
"224" -133.06121238372 476.876113522466 -45.0321799995411
"225" -272.053405980764 267.955418719393 83.5490203994906
"226" 757.322604195156 169.35256402992 79.4458765389775
"227" 151.416076904002 178.488480074971 62.0004215259257
"228" -1068.44267376593 163.415638558371 75.8319196248397
"229" -26.7847345108735 275.855229587582 -62.1689010289835
"230" 131.513812903553 -25.131639526507 55.1940158046601
"231" -1419.11963205808 331.972297024832 68.6952259413039
"232" 416.302578243955 114.261816314892 -18.6747770430143
"233" 285.48238606361 -45.0533125234441 15.9846284500601
"234" 994.190600033636 154.329398804278 138.655749849362
"235" -534.37063482576 -4.86875902681985 21.8825435342712
"236" -228.70430543779 179.814073689149 80.9710569436072
"237" 1219.11635873708 373.518078216683 -15.5500571627834
"238" -591.642701592525 66.7120974387607 86.6192112063918
"239" -1117.62277360195 242.143419451052 51.541752272295
"240" -209.338713591303 68.1856925973715 95.1203668278922
"241" -493.989120443036 26.1737969349247 58.6581036706044
"242" -1115.78834575719 384.279230919008 -32.8187916084916
"243" 260.796185561576 136.63377808979 140.095084717482
"244" -699.490244655124 177.687074720517 68.0058827660776
"245" 1062.19204812687 202.21564771459 149.170478677841
"246" 54.6515460103186 164.578551966255 27.299387807564
"247" 442.744361069671 129.862934284523 43.3089296582285
"248" 905.9563942337 224.334066603122 34.7508664519083
"249" 1401.02268071905 14.0726375944571 -12.5108453946279
"250" -36.3580921333837 145.747414474616 -54.7005805493452
"251" 809.589240966175 -39.6501438441485 -17.8421723675207
"252" 94.4820183565638 160.416712445669 -104.876598221278
"253" 1581.65031491025 -116.27682482819 3.07563055141563
"254" 96.922568513168 76.4527076529593 88.3205060477327
"255" -153.549899236511 94.6615095254927 31.8868155481618
"256" 954.007765105753 105.201919799755 97.0121182231159
"257" -75.1026216596404 52.8602337728173 53.7056378189697
"258" -899.16612241131 24.0897109783064 30.1697270567257
"259" 1467.54794854326 -54.0059073522589 39.4057249446408
"260" 573.908265183241 29.4157454407822 9.31096530084467
"261" 811.094827343208 126.789585835965 -28.2995987415842
"262" 1100.1167078652 85.9004329157033 -7.7348012666256
"263" 374.016518482458 -62.8966479330267 -31.2716787940431
"264" 305.605422841493 58.4115135744079 48.7132443794829
"265" 296.147227979795 -75.6489686676056 41.3997887739962
"266" 263.096239543028 -333.629087435657 4.96390570255576
"267" 615.790352798423 -112.025470279685 -58.020099230306
"268" 824.740308906166 133.268579961183 -21.2625927839855
"269" 423.694447044172 10.8544612253557 85.8760593945682
"270" 361.445979004773 88.306172511476 41.7638967817772
"271" -86.2499117892845 -8.27087022421318 86.4508469802788
"272" -233.490720884107 -31.5105745661146 24.7825897578029
"273" 400.557128068491 26.0055145775768 34.5336377468634
"274" -409.55896725637 -129.868935475545 -26.0128647230553
"275" -1230.74669541408 -25.1089786619998 -7.85797588230552
"276" -25.5937920497438 -267.837164272884 63.0096813202505
"277" 44.1296203415135 -32.8918325135607 40.2491305628953
"278" -803.151857402909 83.5509573998522 -21.1740743096041
"279" -26.7922810607195 -140.582928673195 59.9287664833057
"280" -286.757218516327 -50.5029042976137 -8.85277732332808
"281" -245.869505101613 -242.007220404452 20.8849752055416
"282" -442.743797768183 -41.3937723199195 -30.1867567634837
"283" -203.101083822605 -204.819058567105 -47.0336921052434
"284" -98.8214286803375 -115.192965951458 -19.5228506906015
"285" -129.712144908968 -144.682699794277 14.7644780683349
"286" -355.298963281815 -9.72959036724152 -8.13258913778017
"287" 172.851751960482 -199.96072203221 -80.663039975301
"288" 183.692463758758 -12.3544010961791 -6.86213493998235
"289" 358.718890556041 -199.384914640387 -13.0931477274925
"290" -349.907541511391 -152.985624787997 -30.9544403872166
"291" -49.0566205471579 1.41525217608775 -45.0260332865979
"292" 478.548152169304 -168.055166353875 65.0358316974442
"293" 541.432176569638 -222.044338678976 -37.7681602242767
"294" -478.827397278105 -144.838784767668 -10.2659278799225
"295" -182.76653399092 -325.979463794921 3.40105048540965
"296" -428.097125328012 -238.166582952068 28.4482401735006
"297" 108.394547731938 -146.758523200255 16.3273333247601
"298" -812.083861874084 4.07459689873375 9.35487234894036
"299" -421.156362545128 -83.8534273317338 -37.6074744651969
"300" -553.103739731035 -281.758684822631 7.55254349878354
"301" 468.103877151496 -279.504187217805 -104.379514708237
"302" -362.571557044563 -188.694834244315 8.92231299236468
"303" -595.449805626122 -120.617135519927 -28.741698979009
"304" 5.59290113196048 -227.132618715995 -49.9411707480963
"305" 324.835284601438 -461.099866115867 4.28370174925485
"306" -537.789208621988 -86.882942166667 -21.4406483622403
"307" -1.90079296119626 -66.3262570521511 -23.4824190904523
"308" -19.8969029717752 -104.001028204214 17.040557850191
"309" -322.218246997295 -302.485130127392 -42.7574075141785
"310" -585.44959152726 -87.128751201365 -25.2560273103424
"311" -387.302799611871 -97.4003651070786 -36.4698001455439
"312" 143.817881391235 -449.629349619532 38.9285375722534
"313" -347.716900707238 -51.0222866969521 -23.7296100349584
"314" 588.591371328796 -311.43729909574 33.2948119014243
"315" -179.518916945805 -76.5866372091537 -20.5927872246645
"316" 136.029886328575 -388.419108417994 37.8942965320352
"317" -285.521901268573 -330.426233213184 0.778147351237867
"318" 295.366985810557 -116.51971452901 -37.7978026879255
"319" -41.5727887077265 -113.859064574566 2.47407756894896
"320" -33.4559263970109 -358.159859488221 -66.7183319346319
"321" -7.5759462584382 -329.218802188829 5.49112439962757
"322" -460.785578641 -161.035490260614 -13.8154224649548
"323" 508.115281763892 -423.326860188621 -3.19555811916182
"324" 563.759111504165 -184.369824635208 16.3803127591001
"325" -442.61339625291 -77.9531232973046 -42.2773863141983
"326" 230.649634437759 -101.8393551717 -3.15118772995855
"327" 490.012080275649 -576.26850451472 32.697740302382
"328" 1198.34286203314 -355.218568633834 -40.5251075565911
"329" 826.921016434753 -503.210894806501 -93.6089369719588
"330" 571.798106919277 -125.485347889496 -4.40059789436746
"331" 364.59685182175 -94.0427410974034 -34.3370064883635
"332" 1069.41248972247 -144.511816352222 -33.1269553186297
"333" 1136.44606633388 -413.816753416098 4.21496794296867
"334" -40.5485169128443 6.06141422794954 63.7411962955852
"335" 273.379680297652 -35.2380449404081 5.30380713916019
"336" 1573.67371592916 -202.932122313739 -34.1646198210786
"337" 1712.72363244445 -462.419430545397 -99.5795317412373
"338" 399.659463937837 -568.867071031381 -42.7073894342651
"339" 911.540330088637 -333.768911070165 -20.936304290215
"340" -1461.38340645944 -1.21332211755677 38.1647600046087
"341" -200.861807102861 -343.917641530798 -16.4574401853931
"342" -1120.53377460996 -317.380383031451 8.42498322381741
"343" -612.363347096475 -171.667182775211 10.4731772507608
"344" 1012.22670194471 -215.030365781595 -45.2077655972005
"345" -1725.89490978933 -287.975394414731 -7.16737302972712
"346" -1358.71368464024 -347.12938166394 15.9880006639773
"347" -700.728167303912 16.9306979483018 -69.0897908240592
"348" -1092.73055486769 11.2211138015472 17.8723215644844
"349" -550.3244271213 113.594302275889 56.9621583746056
"350" -1554.59200215534 -189.10351394797 -52.5898670157322
"351" -1216.61649516958 -320.210787378628 -39.6233156531363
"352" -1145.91149406594 -250.400683293536 13.4977881046956
"353" -1578.70265954736 -244.505829756066 19.3848959418509
"354" -227.877293858686 -514.658602275689 31.9356363428645
"355" -992.637012286306 57.0696370635802 5.99103555298115
"356" -794.608555296738 77.6984560427754 21.6767201389847
"357" -368.363810376688 -448.697949174389 37.7292626717351
"358" 465.799155590932 -229.084665851833 -0.311270479685376
"359" -379.793864448099 -380.86365326353 6.69239837349653
"360" 315.809149943052 -261.118243844661 -76.4390896871927
"361" -41.3521649583334 -475.28252028942 26.491532502818
"362" 17.73487666752 -389.372103402834 -91.6273813004866
"363" 120.095393373354 -241.56234336194 -31.7724959235395
"364" -1057.88144209322 -44.8435260679932 19.092717488251
"365" -1556.36057100335 -61.0221766495679 4.15013702496178
"366" 125.8618189485 -395.175324113211 13.4391416251741
"367" 15.0869517981777 -456.632272503286 35.7639663155049
"368" -312.648904253665 -444.490018019455 23.6863947097613
"369" 231.409558052607 -172.73195993128 -83.5152315530511
"370" -1704.133167452 -52.8484346508324 10.1974085754145
"371" 262.176110819989 -369.83008401268 -115.193659941731
"372" 209.657486951094 -259.054584422798 -90.5216594068228
"373" 135.653715998832 -387.680464436341 -100.51318568791
"374" -1343.23169667119 -83.5900874898519 27.8168638870745
"375" -405.150414445441 -32.490550765278 3.55085451252646
"376" 456.072817528667 -439.642295893876 -58.7832453027521
"377" 238.419542704076 -444.544048836032 -79.9791998551876
"378" 788.233579729091 -180.169843225781 74.6210930834349
"379" 180.449941416584 -398.262861751556 -87.2756335652323
"380" 334.133093561655 -546.043138237217 33.0037606680109
"381" -9.92197655302148 -21.7786594593496 -31.6124492223337
"382" 860.619324172525 -371.463521821426 -85.272775610201
"383" 298.755439035115 -316.308648577149 -58.5387872869269
"384" -1484.34490359599 0.923796942015429 32.9935751903625
"385" -278.752805471639 47.6170637686015 17.8906880591093
"386" 233.258986404092 -305.110315925214 -11.8933940378381
"387" -1310.90219688793 -65.0931835956847 -8.79165070449828
"388" 161.114162631327 -68.0393090904431 1.2092480652926
"389" -836.831257102123 -164.516531236131 27.856357159909
"390" -988.248917988116 -77.8661701945679 -41.1329400427936
"391" -674.617190844724 -126.536664481804 10.4730549570595
"392" 619.711602037675 -508.259630801389 -2.49888905577433
"393" 844.348367376298 -276.082707774682 -56.8749976394998
"394" -506.300252388599 -302.152443918542 -7.59903117508339
"395" 365.486272065781 -527.007635986671 -20.2418619631069
"396" -430.151908548957 -222.648979835992 37.3445335993792
"397" 89.3682086925983 -282.954898237 4.3824389005338
"398" -1192.12090777959 -106.662086311197 23.1808951875601
"399" -163.700591150909 -211.483971337273 -80.804271878611
"400" 63.655409228304 -244.16308086314 43.8824527557691
"401" -1199.12550319895 -15.6685723468503 -18.9415716342089
"402" -473.557553259315 -76.2987962804728 12.3450767822442
"403" 171.321984721156 -219.216022721277 -39.2155132233707
"404" 184.380595037223 -215.442005676514 -66.1812172719492
"405" -1377.03723753662 -20.8179537951854 -28.1701451508578
"406" 105.930766099565 -229.766751893578 -26.0432561560686
"407" -654.379360663883 -63.992175037597 59.9666715979779
"408" 25.4635925494526 -249.077765647162 -76.4002903267882
"409" -36.0009047962272 -198.230087975123 25.5013260732656
"410" -6.85229448455443 -160.143808775473 -5.29374314632629
"411" -1116.64225008332 16.1502433438695 11.2028954822195
"412" -117.217259840717 -149.117649649886 -2.66235144483399
"413" -762.749226019576 29.2745527064181 27.5269138839226
"414" -798.787313890175 26.2478940146981 -34.4344911923751
"415" -897.719218819791 277.670876906897 8.73223726303395
"416" -1100.87126377872 100.330022163724 31.6069302679227
"417" -752.603309750499 46.0997808136033 29.1555693205297
"418" -582.934177142269 69.6272038670289 45.0750237368805
"419" -2275.07278281378 153.155677305245 31.614417590066
"420" -1627.89819226203 194.994373848558 -84.9227618629696
"421" -1729.46869428554 -67.1443529545973 63.1354218840602
"422" -2439.91942768551 163.216387328711 11.3953786134226
"423" -2279.75931718548 163.892490573093 -21.4138766123145
"424" -1021.73249212397 -27.7851459125549 20.090342613029
"425" -978.043570862171 -228.467954718977 25.1223126524936
"426" -3401.38386441173 51.7514805669514 1.448986140699
"427" -3821.75925307542 27.3532575095037 1.24463881679029
"428" -3768.43960973139 -147.127296790404 -34.1195572509555
"429" -2913.79158877793 -264.270801945827 82.5298671185446
"430" -3228.37467169334 -104.286576025061 51.9353246145713
"431" -2741.24886049699 15.3682292059206 4.31653068013564
"432" -2252.87024442943 -37.2787500715912 88.3534822726003
"433" -3449.22133971143 -67.7212225560458 20.9178426467106
"434" -3493.73347946671 -119.681591038796 13.585440490982
"435" -3530.22542261069 -165.926676740404 44.786934393356
"436" -2941.42969581617 -235.074826811409 -41.5975278943837
"437" 808.575044828417 36.2593426280525 12.9042304395155
"438" 932.054730727281 25.2717713928989 27.6901480029851
"439" 78.7118377128724 -50.45604077472 8.58641784496771
"440" 445.325586623777 -177.294151314334 32.7225295178659
"441" -463.520818872974 -93.4297429675615 -7.40983028408173
"442" 1516.65672696977 -528.316912230989 28.4962125207005
"443" -598.608306032664 -49.9891901429129 -3.70187110871888
"444" -166.217297756889 -34.7740635074186 -8.20843194322234
"445" 538.784208114804 -426.190494622266 -94.0282879160434
"446" -36.1115405828603 -67.4213597666048 6.65552935390722
"447" -806.301305510342 -197.108859026884 3.99700317978672
"448" 816.447711939199 -129.836446781423 40.9991460194641
"449" 989.715744408284 24.4908998840577 1.0324022685834
"450" -395.030277615146 81.7075189535594 38.8367062492805
"451" 2134.70688690842 -153.922073408432 -29.1763281346066
"452" 2955.43923762224 -66.6567094638817 5.36538827722442
"453" 3466.20961526412 5.18761980045359 -83.3212409111161
"454" -282.121668921714 128.028738553368 6.57742402308173
"455" 745.438025988935 -372.373312558421 -5.13486636703878
"456" -702.611110138828 -421.763065408038 74.0643667698956
"457" 2193.91580577101 -324.94734779803 60.8424456099617
"458" 1449.07375270549 -482.682871312918 -57.3877719432421
"459" 2062.91538424294 -506.178992076235 91.0292522215578
