"V1" "V2" "V3"
"1" 611.934620647944 245.422897694108 122.553788418167
"2" 115.371650663197 164.072908630029 83.6151740969824
"3" -2012.64106595481 60.8753505396583 61.9395599972467
"4" -1827.02336361347 21.4715039598595 -22.442167936302
"5" -1568.72754733626 -110.451566026028 -21.4850711780489
"6" -2394.06259229715 15.6560012894645 51.0800659792382
"7" -1789.80377793345 -1.95954571831015 -32.7033143962789
"8" -180.183831765965 -17.9556732540066 -72.2112636721839
"9" 26892.9573863168 -58.4219235166221 -320.022045088133
"10" -3072.7931356615 -153.421047890637 -28.2982815595408
"11" -344.823335576007 -225.470423188507 139.222115839741
"12" -3285.38010318405 -151.417984586679 -61.7137946368925
"13" -2721.67097848603 181.163598281147 -4.20246885774742
"14" -2488.11574294804 -49.2575793131957 -39.230120988334
"15" -3164.89693899063 -125.113537530466 -100.83220155792
"16" -3119.12543924114 -91.4990501223016 -39.6360404865074
"17" -4882.8967169337 -304.762540780225 -10.6505948760703
"18" -4588.40785433442 -113.901869114988 53.3001355653311
"19" -5045.36517945222 -286.309554272335 4.29401954177821
"20" -4685.35387173939 -172.051246225604 21.9244469256911
"21" -4197.10958563584 -309.350072000483 23.153812220937
"22" -3435.65518087514 -171.739765282986 -6.33683790537258
"23" -4049.41240805278 -10.7931152749513 11.9076015601616
"24" -3437.84950995846 130.413913567586 -55.1511244309581
"25" -3587.36762876144 -208.503465282513 -47.1725120986829
"26" -2360.79947511859 284.679624918442 39.9658053797869
"27" -3899.74591049214 -5.09014215962964 -42.8891283638709
"28" -3117.05004601798 41.8045392461555 -82.9011553055633
"29" -3225.34130992974 251.561253810871 -16.5496841470691
"30" -234.695531399085 396.668712802526 -44.6537706642426
"31" -2057.46072911407 34.2496684681167 -126.390636853595
"32" -2271.56013308551 161.993978187678 -114.563131123457
"33" -2318.66637763855 91.9905995148277 -123.110069260788
"34" -2561.17018976227 247.632290588118 -71.5669596921561
"35" -2070.98015305901 232.521426067554 -115.366474052502
"36" -1862.00870127256 194.315696457026 -55.6429909394863
"37" -1302.35893455389 92.698482356548 -95.7998848365498
"38" -3229.77388434236 194.81160651211 23.7676838342919
"39" -1207.47206782589 249.120081678097 12.7661110832337
"40" -297.584956887751 -80.3914775415752 -176.925831137848
"41" -3327.02081945533 10.7338185437709 -104.890784714884
"42" -1079.70983978411 35.3163074977175 -16.4382151913972
"43" -901.789964999052 62.2755255267266 -82.990368174441
"44" -2979.85180348906 -340.813140421691 -40.5902281753121
"45" -672.704340356719 214.989520279357 -118.610108688086
"46" -1112.0163573008 14.3327906357552 -7.58789946247259
"47" -2313.89749867741 -353.640971289994 -96.4723207804274
"48" -57.7594683920119 -319.609529840007 -117.021974021765
"49" -1994.90347486044 -373.080589153593 -64.5763369900106
"50" -1909.31077294594 301.190666694964 77.0116778404682
"51" -1589.41126355992 -199.332438959674 -38.7393753893876
"52" -1777.18266207482 -304.63729873535 -98.2416285778077
"53" -1640.22533448797 -47.3692876774458 -51.7164217761767
"54" -2353.29251821314 -46.4038913388792 -59.5975869203742
"55" -1484.76860802747 9.09238813105949 97.6567302902667
"56" -1626.85132539711 -85.3840617862385 55.9076961681669
"57" -2890.10502011836 29.8150889826822 -21.8374228743784
"58" -2933.31299774251 -250.025766501752 -68.3744883769971
"59" -1865.52106950007 159.9414513261 131.923074415722
"60" -1899.6341766921 -212.667805172136 -55.660622395003
"61" -3104.91489585366 -349.648073860268 -125.293712162338
"62" -2617.63442324266 -403.346947442174 -131.181892258758
"63" -1605.18487044752 -126.64658049568 17.8104217660584
"64" -2188.55383566915 421.287335753921 -107.285025343595
"65" -1680.86771694151 -422.150902459632 -111.060694768842
"66" -1728.15929903806 423.654588720055 26.7084903417553
"67" -2166.66371314778 341.252074344358 -55.0019832921384
"68" -2593.76740684671 399.350369125288 25.3236679474764
"69" -2814.51367642371 267.022281417923 -170.929453751787
"70" -1889.47461511851 78.9399183589661 -158.979794449561
"71" -2382.62341353007 -83.4462783456071 -32.7513882879917
"72" -2666.00248706074 -81.7567125283984 64.6201247359537
"73" -2256.10557946772 18.4926504102672 47.0371228316747
"74" -2216.3783924705 -167.701208248764 -89.6666887903474
"75" -2345.92327453492 209.798909087062 1.29971566768398
"76" -2443.11219621257 -28.7678840911079 -36.6297838269794
"77" -1872.18569211976 195.576711162386 -16.5156009433889
"78" -2417.07007519871 44.2112629158253 -55.1015631806929
"79" -2588.12920256994 -164.975802533841 -117.541209009096
"80" -2428.41210378017 165.774963745199 14.3848691357307
"81" -2410.56923516448 -128.436961491081 -132.900455240041
"82" -2443.11268527351 125.399630001332 28.0694865304958
"83" -2379.80226374294 -100.948947925199 29.764507810592
"84" -1410.78036840975 -11.1054691180891 -110.843916920677
"85" -1391.89912435111 48.4405122380913 -15.647267367863
"86" -1283.13496312318 52.6115487108995 -32.30315181616
"87" -2692.94640803046 3.2041338198436 -2.25711725440754
"88" -1962.40563423146 -29.0786213335244 -134.86108220078
"89" -439.595070890079 176.224553884662 -22.4025304128464
"90" -858.818133272725 32.7220288159805 -39.8882587641307
"91" -865.208064153048 -56.0465680439711 -77.9708140711192
"92" -1131.84851775811 79.891618549561 -143.362678823956
"93" -2287.01409054509 202.706697109638 -53.7296631329834
"94" -916.967610066003 135.591579968305 46.3270082354509
"95" -2459.11884120428 336.184408717314 91.1245568642572
"96" -1888.33737570209 216.988700604023 -19.5795741602301
"97" -1971.54323096546 158.131694239311 -83.2515772774496
"98" -2002.06596515324 -60.2767884094339 -71.5182540932977
"99" -1905.31933014617 11.8747871712146 -104.203075058017
"100" -1349.94647761535 -19.3470185147287 -56.2654666676599
"101" -1034.85749123178 246.016625575056 -42.8753725736904
"102" -481.091563556472 198.495725627223 -62.647324665988
"103" -1173.06334163878 115.546118459055 -124.176155465299
"104" -613.867274955365 -104.849293692177 -144.511936666588
"105" -931.090858955074 158.331031848601 -124.178313804595
"106" -2164.57588248205 -156.428027173718 -36.4032365132098
"107" -1098.68210888701 78.7993667422924 60.1398377055953
"108" -578.0711319023 396.635448147963 -72.1538030731501
"109" -632.732998967572 345.403996185388 -76.7589122093786
"110" -1222.09449201858 105.127672994519 -142.643182239403
"111" -698.085247644531 152.042180295415 -80.1188183385494
"112" -728.857233181867 179.719830124753 -119.487025913223
"113" -694.811770902194 -97.4951944894936 -185.17218957997
"114" -742.455408716263 -24.1082921159853 -183.161314666136
"115" 1266.28819206509 -82.20953951435 11.4328063472252
"116" -1061.32507700292 201.57976323128 -182.428564494167
"117" -524.423607636999 142.924947695933 -46.1720016289203
"118" -2254.79791665874 326.728472423186 -118.297442184438
"119" -1909.27560390718 228.542662747006 -158.467392210393
"120" -2207.88933335463 59.5257145974649 -221.336922382537
"121" -1832.93832739987 142.464004706335 -176.823662437266
"122" 1184.59996902139 -194.635507232745 49.6605395481784
"123" -437.438738597446 9.19302182921698 -10.4395301413265
"124" -661.693314176616 -78.1981695408263 -111.597027857108
"125" 1535.41992097472 -529.315085106035 59.6706037058694
"126" -2634.27934061552 379.875894879463 -8.69390209788187
"127" 1612.33999152554 -283.625060069423 94.9644004724013
"128" 1602.51079649156 -440.936391988778 125.152999075675
"129" -529.386692901553 28.5624175245371 -131.614265546952
"130" 785.89723202644 -327.687556118849 -15.8839784979515
"131" 1878.20031933976 -172.855079992081 64.5343887704717
"132" 926.661041479385 -303.137451296392 -21.9215592625589
"133" 1658.07495276409 -281.816642294809 73.1407493372283
"134" 1234.62049461912 -254.058806026785 -8.47763184351084
"135" 582.241644294917 -445.523635219924 61.7875646702936
"136" 1380.58756121792 -334.544571126683 89.7129398997409
"137" 654.811642493956 -532.996538976626 -25.1926106615523
"138" 1092.88418669319 -303.118589679732 59.3589966700292
"139" 1166.878721868 -303.472723565528 43.1129249397593
"140" 1947.87784965464 -267.770985958313 92.3065109074038
"141" 2469.36946678582 -437.468538055454 76.6304878397637
"142" 612.252486046272 -490.999849089055 28.9964748409934
"143" 3678.72683587225 -147.864789774018 38.4289794481081
"144" 3870.34178504586 -155.587845544209 84.4647222071558
"145" 669.620756201049 -338.107920640075 59.9377250150637
"146" 3221.42946215106 -195.75827766181 65.6798205619423
"147" 2108.14481898719 -112.399592012609 -37.2421909209184
"148" 3347.38048508894 -143.137535558878 78.5092824965351
"149" 1184.7662599307 -240.403584200365 -50.9411306943195
"150" 2096.46482153262 122.253951644446 -19.8413132001646
"151" 2393.47030642637 236.476049600547 -15.5400210549059
"152" 3531.51351715931 8.54322192289086 -65.7504666147806
"153" 1241.507082767 135.634484409876 -56.1917472893566
"154" 1795.48420057568 -274.82721741778 -103.263849156904
"155" 3572.11539055933 422.432996870645 -4.68563228775211
"156" 4013.48869253715 172.879926710997 12.9433498950161
"157" 2045.98034669096 -410.022091480375 2.46198662462682
"158" 4352.22302457805 192.602814326315 -136.871076843927
"159" 2827.39665599363 -453.198602881552 -29.1695419802848
"160" 4508.27726246623 -18.045328254049 -47.213051524716
"161" 2750.46111449574 -355.110356864151 -148.310560978383
"162" 2579.07326301147 -376.094572462157 26.182888632254
"163" 4823.38927189858 -71.9690663481576 -81.0317336630979
"164" 2955.99602782729 -517.824588519387 25.95381543002
"165" 6237.5651314823 -133.676601950751 -84.3134231067616
"166" 3427.05916244192 -290.184245255065 -124.465295183904
"167" 3494.62381906958 -237.173565524841 -126.565405031653
"168" 4690.25500796507 -446.48631295662 -24.1205223144898
"169" 3478.5365371335 -445.761140465225 -34.7959883445655
"170" 4167.59163363375 -340.693255625215 -36.8930276982009
"171" 4242.19750748907 -255.685256233157 -140.672351588737
"172" 4464.68008018126 418.542713154103 -5.9675070600737
"173" 2994.34564394088 -189.429662996672 -18.361536725452
"174" 4529.16569042001 -131.604985763951 -166.020602119872
"175" 6085.6623387662 -406.749814926849 54.8465005589078
"176" 6262.92022656736 -122.937139914453 -115.19383744425
"177" 7219.87561697436 -314.560087461575 -42.1476134256368
"178" 6926.8390498505 -244.965838071285 -73.2381243757993
"179" 7470.75764140836 168.96791214395 -191.439944081426
"180" 3005.15879216802 -2.05496462460845 43.5723809367407
"181" 2630.76767197628 112.071014230011 -55.6709774801138
"182" 3294.15648678574 119.634142272422 -67.0554174455782
"183" 3951.35320558297 460.015888758948 -39.8466499491626
"184" 3744.53545050012 226.444951553466 56.6962672866028
"185" 3514.61297024044 517.341170054303 -50.4106509866609
"186" 4081.8326119892 95.9403650036103 -98.7102423205675
"187" 4612.10721189196 482.211306906311 39.6641908189773
"188" 4883.45378838329 279.490430026127 -39.3803254778342
"189" 4915.26979832786 456.64546115056 -46.1353807200869
"190" 1838.32208342826 369.993102166565 35.3487599097132
"191" 1404.87672419023 452.819205857291 78.9109982568276
"192" 4108.81987063888 412.546639762129 4.84521779871697
"193" 5452.89330276026 181.740811143846 -68.2864805205306
"194" 12373.2553005593 227.785776693979 -81.8281116228865
"195" 11083.7573763317 363.295677709033 33.9233380692872
"196" 4748.45085444532 81.6237415976522 131.162342408556
"197" 14892.4353723969 2125.65315477795 516.493637650704
"198" 1616.82678021604 -91.1472323016911 84.3735757102299
"199" 1226.97547051717 -96.05124483441 9.08936894018254
"200" 3458.37924687128 -200.480256844597 90.5999248960888
"201" 4848.26085834156 -246.609761980952 92.5791865939784
"202" -297.464477922855 -22.3192484258871 4.7440672650353
"203" 487.054751552812 13.1904121865538 51.4759378618746
"204" 914.870287781209 108.360948360898 46.314503460952
"205" 642.102259844073 254.507121913105 31.3749870558235
"206" -11.1787429798561 62.0694034412396 -68.0127594595417
"207" -1996.64615905041 267.75693435532 85.8125530493856
"208" -1428.15572225789 247.186160702224 23.7383505053961
"209" -990.49466146328 126.63888176484 -17.5700419012081
"210" -921.021027383371 217.59656026774 67.1406307523812
"211" -1899.67634919922 219.368213966328 66.2398442513913
"212" -818.460757526508 32.6745595513077 95.5918563875764
"213" -810.958194639168 -76.8153176884804 79.0019754505699
"214" -869.710730136941 233.887225842312 54.3291338013278
"215" -1808.87942494238 128.451238796853 -6.65179910579201
"216" -2832.34576513767 212.867180593519 64.1684155131495
"217" -2167.36402468561 155.239796512946 -39.749645102246
"218" -660.315594040292 -135.710891901047 36.4926435717795
"219" -1054.01962514116 188.25297167874 50.2141753693847
"220" 432.057575888547 36.1253474987179 55.1637839779348
"221" -1699.6568383038 76.5972541937494 -12.1448491141965
"222" -188.6491379928 -2.0863496577651 22.0559656027581
"223" 245.523991284354 -63.1451422241637 43.6888701293255
"224" -2683.00663423476 89.5489499155817 -29.6268599147066
"225" 706.408618012241 -43.5391909419518 19.5780611622585
"226" 1073.93962681589 17.2076076749324 52.1906153719868
"227" 1480.0674795831 -171.176732302422 20.2861612537893
"228" 1114.49164094105 -231.560070851008 61.9049847938863
"229" -1971.31957822138 155.571843747133 62.4814175180846
"230" -2116.4332402304 233.797241420906 79.3855551866328
"231" -2009.69639251516 107.396751645479 -45.2013698655354
"232" 1507.5348509829 -192.578856704969 -4.05193552603396
"233" 92.5550092441625 -119.282262112852 105.628749561877
"234" 1867.45663901093 -106.095359497619 44.0180980766669
"235" 264.472241236838 -125.567786135231 80.1269841118065
"236" 770.352405681366 -204.565562541074 61.8988305768079
"237" -572.624929139144 -173.125704339115 50.8418931856138
"238" -667.097246874794 251.194702959989 60.1151949154701
"239" -1674.5687033749 173.417175859752 -60.1366644885951
"240" -636.625886122623 -187.402978787607 91.6312129690473
"241" -372.574073428981 -186.460759250467 80.3782652253836
"242" -220.989401214905 30.1973581628008 87.7250354413227
"243" -331.759499333431 -24.3734341404009 4.59918199744395
"244" 165.67351071228 -38.4773441007187 62.3857825946704
"245" -272.992914922327 -39.6083493894936 85.1181752305882
"246" -1134.30503018156 318.743408427434 34.2955527435054
"247" 1515.485476772 -226.515192990583 55.6844445360461
"248" 1982.97406953954 -273.213040793714 176.390010044574
"249" -626.57806905845 166.29088337384 -3.67578989552397
"250" 2205.92177742396 -356.981021392257 32.395691330494
"251" -126.37116480567 292.317859685862 56.9664632056835
"252" 577.211847862607 -285.336214858415 136.012887307986
"253" 1088.89432865248 -244.631661093146 189.210267941286
"254" 744.578362641449 -320.859110638838 132.497714006923
"255" 1362.83488238613 -325.86495138171 126.637283708442
"256" -41.9978732887081 -278.153594057107 80.4082312326201
"257" 592.718394871997 -232.979735878149 143.875806171223
"258" -1337.17151584023 196.431332847459 -22.7324701857054
"259" 448.833980912446 -226.167877867334 144.519375934832
"260" 239.957467102948 -241.182922325899 74.2184854272611
"261" -17.4224326253741 -186.343359328975 52.1080809774951
"262" 721.465347332784 -154.16118124298 41.1888352266442
"263" 1497.8990753045 -71.1565174667138 19.9590659909932
"264" -97.2550078899878 -146.30207453768 100.078668862915
"265" 1216.53433864867 -100.795503297929 85.8113662612645
"266" 44.4139267349102 -100.46705999638 22.1428999430533
"267" 259.240912345926 251.821233318324 -4.33682272521492
"268" 68.3778097223985 -195.780600062626 46.2176608210604
"269" 59.4225632138557 -177.785838241812 69.3924734408105
"270" 26.1034506862581 -83.8155690429763 -7.66284980048345
"271" -191.581504000775 -63.5920489241942 25.3746268392938
"272" -29.0081845322199 -124.730147547988 98.6549065515316
"273" 58.6957704510746 63.1607859572568 84.252699025931
"274" 839.203115658714 -260.29319460677 96.0584331431542
"275" -240.987178472425 185.081963998656 44.0826017156544
"276" 239.274154301755 -163.754632702381 83.7692349866283
"277" 217.074002863121 -200.953944775578 126.596962697708
"278" 271.933072037128 101.256773412721 58.4551986192783
"279" -135.04458463569 -134.461760338077 91.9915626041946
"280" -123.500431671076 -83.0323075558309 151.044354050445
"281" -751.910365944019 208.066158661076 -44.3462504208102
"282" -552.142034093465 100.908955995452 -75.4985562081802
"283" 1278.12849204047 -213.384488641774 28.4862345901079
"284" -1016.66346200771 183.853409531271 -34.8771568129586
"285" -438.810832172039 235.846110378387 58.6319236701888
"286" 519.205732470377 -216.944207992214 33.973446418914
"287" -334.87269130159 293.609663426443 65.7106401704862
"288" -686.236036003622 296.432873782249 71.1929084869264
"289" -196.011863555219 297.101726628389 93.2878711688494
"290" -271.943426769864 241.778530910819 -29.7343373700375
"291" -83.0279934107825 275.5570698008 -103.293200349649
"292" 684.966720474963 -153.099237336794 92.8644675136472
"293" 680.61312953898 -136.568328836445 99.4333056280226
"294" 526.888839026343 -149.594546661131 79.3161637559019
"295" 368.061974416894 144.907555199047 -13.5399379440265
"296" -347.289948557731 293.179618751558 28.33031130899
"297" -302.560204526132 339.742377914469 -79.134431049229
"298" -202.799181314445 460.088878823944 148.952111268218
"299" -404.848420224618 -153.124000468888 89.4286644588597
"300" 466.050409879368 1.74971686215438 18.1125444122958
"301" 924.375973265343 255.891914185654 112.176415563548
"302" -340.404844278558 -192.09945118647 61.6560981835175
"303" -478.617205298632 429.218811439204 135.376673839748
"304" -545.072375650704 -187.650374159723 70.5489275960936
"305" 20.600727052019 -151.325057049285 73.7631846799004
"306" -148.904750706017 -141.443277873582 61.828413154257
"307" 2175.51633898694 460.362174021533 12.0031037588953
"308" 2451.26655652378 228.070323279497 -174.741455808012
"309" 2535.15869824315 337.095997252311 -151.800258966799
"310" 1056.28072374701 523.269301422774 96.4513977538563
"311" 2351.88488294529 489.121256428626 74.0863723965637
"312" 1316.98953969895 551.696683644933 81.5934549379307
"313" 564.571176661906 -24.1772912899393 -41.7168605024017
"314" 1929.01314712586 119.448090137383 -110.624580501073
"315" 799.724869161079 509.137798200459 106.848617433295
"316" 2146.41606789941 103.992533532049 78.7560800182242
"317" 487.468836455907 22.9798684838208 94.9518824554678
"318" -676.175038769787 -26.5280909039778 122.136923772426
"319" 1090.8060002247 -79.763605989701 20.07796993072
"320" -586.642592055336 218.273157000212 -32.8914354225714
"321" -689.871377036895 -142.264512215712 101.529049001197
"322" -1530.8249346389 -98.7674058351759 75.1866047612419
"323" -1141.52060557898 8.26883006549924 -14.3977528813697
"324" -1113.0089899712 3.67182094023236 -18.2201465397993
"325" -581.084094847551 -11.4999070398502 104.035115977736
"326" -985.728630673311 -23.4028876742886 20.0774543920257
"327" -950.524423344468 -53.4937939451973 16.0767852403161
"328" -1589.42158210332 -230.020636531446 100.157239508173
"329" 249.303429031054 209.367042058719 -87.8282460310747
"330" -1324.98394524365 -105.603410974204 46.2166164354238
"331" -242.913735185655 -225.289877666753 116.194278970289
"332" 33.6703412872459 179.691903127874 -112.517696787839
"333" 358.371783035851 31.6739809957666 -56.8248226706732
"334" -54.0305358724558 -100.123135352551 85.9490384380897
"335" -583.825902087259 -201.028722232046 119.877122344632
"336" -175.718207488853 -169.108904394565 115.425891782755
"337" 41.177587371473 314.494854736914 34.7391071451963
"338" -272.806940112033 318.449548929905 50.9844038648862
"339" 15.6050218779726 351.635038846572 48.9505088267685
"340" -888.113422894376 -169.542570328942 105.138876027514
"341" 452.884990481215 406.472102744616 49.6764576997722
"342" -253.530968265433 11.8918759878914 -5.70499242375631
"343" -40.9854573887363 69.9169372291733 -38.0708812274817
"344" 452.302980982284 232.657402101821 37.4602347564256
"345" 537.977809520735 -62.1670052081587 -40.0937479981761
"346" -339.997712399486 40.4907347154671 -64.3867185255727
"347" 221.611543222093 200.848652458427 -89.4378614389121
"348" -1602.32617036611 -29.9887122009727 66.653485914589
"349" -314.09943281494 -48.1193162226935 -42.9410803349719
"350" 832.432584722549 295.710796041045 -145.641032185702
"351" 426.772549267089 172.628726048178 -125.86939210424
"352" 769.058348340984 -32.8765182068308 -113.422056541882
"353" -1633.84581666065 48.6055390138482 -60.2387388898162
"354" -1245.70042272666 95.8320562724254 66.5111895853462
"355" -425.508892184093 11.1403398986909 60.1898400195415
"356" 271.654168651365 138.084216064365 -183.172534822234
"357" 954.167469912871 99.7875427038525 -136.6794547437
"358" 544.961009540172 176.169228386189 10.6163617267214
"359" -260.665918466649 -26.3323801943379 -39.6856211077588
"360" -288.161626883254 135.440412487352 92.1673491572433
"361" -115.976264317655 131.31407322354 -9.74980113048309
"362" 669.723281466309 164.182586078791 -25.9752414551096
"363" 1042.89598562491 89.1390777887352 -147.303366429827
"364" 1165.62574607174 201.653840929209 -3.56947484704903
"365" -971.186341844874 163.933603063788 -29.1808389334086
"366" -636.223792038278 79.7669782807485 -12.3710229173143
"367" -1364.26533842875 131.107119596187 -33.3392326214391
"368" -1037.79835202447 120.17719417992 -30.7565118326605
"369" -627.319018526779 22.0242520675964 28.7984921892402
"370" -637.501010816034 32.3545474339293 2.52726066197037
"371" -168.853245976736 18.8024372270511 15.9757115544764
"372" -148.474118880607 -194.567191324381 -70.4978547448449
"373" -211.314845072441 -189.654160065509 -37.2600057802685
"374" 253.368306079775 -147.12441000412 -12.0680353950061
"375" -107.362943398727 -207.622093091698 -44.329130993318
"376" 60.7489824220637 -211.672821149301 32.1151641600455
"377" -1782.15049915487 -16.9502684114183 12.5170194597548
"378" -79.3349986653336 -6.61074167738049 -28.5033552627059
"379" -1443.89806429678 73.7957828932242 -18.4912151286767
"380" 863.403391543812 -213.116196815628 -67.1138224469511
"381" 604.073369648434 -327.252333778753 -6.47283423124422
"382" -1350.97306247015 142.322547019766 5.42213557255668
"383" -339.847602925525 -26.2119922051737 -11.4634761748388
"384" -79.2565699621634 57.2768104210903 -55.1258892757511
"385" -1095.110789117 76.3197983771729 -26.3408465229925
"386" 271.992121280988 21.3358109269529 -93.5838578940773
"387" 598.530046329815 -156.63723906629 -92.4611705635997
"388" -1269.5853279576 176.273412333115 23.7133065274944
"389" 1312.43225767935 49.3775064825556 -43.2515556292746
"390" -404.191059057637 -95.9903845901852 -24.9562596565503
"391" -664.582412040273 -89.1707310488797 -14.9485488050612
"392" 167.473748545528 34.5563239566524 -76.5777290061352
"393" -669.084226333507 81.3571885955009 -68.0816834614254
"394" -591.932439901794 110.276978371385 -49.7217864375197
"395" -657.92008820144 45.7506930431647 -55.0368745812443
"396" -871.216928398843 61.4699494649335 -67.8469529648601
"397" 29.7189612983924 166.362303402127 -109.324434407929
"398" 174.463454131785 -18.0860620095729 -90.1562415178572
"399" 421.285367355775 -137.770189552503 -44.4808232819828
"400" 200.772098038513 240.521359445788 -105.517941839516
"401" -1289.0242101997 250.055729899127 12.8696475905582
"402" -1612.6280829896 262.861256104518 11.7649001690576
"403" -1413.71474449627 302.647483178378 3.59144209777111
"404" -2166.87371734437 64.5902372558203 -51.6539719648283
"405" -1204.89346360494 199.457334225062 -31.8599029333932
"406" -400.853240968042 183.867319048408 -89.7187638134634
"407" -883.292780718293 214.080679403635 28.8845029843206
"408" -2290.9233859273 37.260612813163 10.8266286098295
"409" -1252.11860823472 239.673367076793 -72.394048588308
"410" -1724.88527756015 196.212882354241 -51.9431304716033
"411" -2909.35010280033 137.31959606025 46.5538730563129
"412" -2934.03078136009 74.2986123838041 -4.37345774457117
"413" -2794.28125922643 169.940692831427 21.2184673601596
"414" -2655.4829333001 37.594837498646 41.319103736848
"415" -3141.62972489337 73.316678576054 -20.8964580998881
"416" -2810.31676418864 232.147398100729 4.93041011017779
"417" -2812.67458033016 69.278935690148 -16.7511716342776
"418" -4026.21631082311 68.6092927606376 -7.76672200893488
"419" -2981.17588589038 136.273336359264 -50.9010426080902
"420" -3944.73940692155 5.45923357298814 6.41416457459073
"421" -4385.30200210408 -45.9104709617513 117.099193853566
"422" -4227.7018956994 -35.4804595502649 96.8454352188717
"423" -3543.34045080315 -212.175767390769 46.9851484648416
"424" -4114.27445982188 40.7712071794232 78.4538013557027
"425" -3176.92848329624 -28.583335740618 110.023327145618
"426" -2628.0112833094 -195.456391322206 -3.98257320701759
"427" -3692.09064123179 104.062648257254 56.6349199604159
"428" -4031.09041038228 11.228338633037 -3.68533602442565
"429" -3865.69599890081 102.184665549633 56.2302116741635
"430" -4209.95926157474 137.012688338896 76.5654330640357
"431" -3153.5251563479 102.166889915719 -102.088551200508
"432" -3577.72298138867 105.378537252449 -102.839908050539
"433" -3748.31527983699 200.222994467679 44.6545224991347
"434" 276.061960872222 22.9154442967422 81.670813512876
"435" 992.373571776468 -166.023505821713 22.1601059775075
"436" 1071.17912493204 -246.612712311851 156.140053680243
"437" 1497.83849899382 -281.389766266449 202.470107090887
"438" 2374.33629253191 -213.863573090786 -34.3647361850019
"439" 2163.36156327475 -104.470132276459 -105.989589116421
"440" -712.374897830238 -307.003570025568 21.3632300990578
"441" 234.356316283082 -335.407189745534 -13.8524896179528
"442" 1907.65767481033 -200.044820590473 -202.500835254006
"443" 329.228360570794 -218.547448798702 -34.2800747385918
"444" 2850.00407239136 -665.09853335412 20.5928154324723
"445" -456.189558701621 -75.9771009975359 42.3741924296568
"446" 2055.37440442285 -311.925484531652 4.16641651519477
"447" 2231.78748768637 -241.618092678557 -44.5373353072799
"448" 4267.21598083495 364.448767134966 -165.631424066178
"449" 2962.14299571899 -34.9945369644003 -108.665613054579
"450" 3750.46985870733 -200.943651063356 -98.3839827032936
"451" 2729.46563931178 -333.954302280842 -31.1675048957704
"452" 4289.86368599493 -654.1482682598 48.470782981384
"453" 3401.72043804748 -781.843565162754 257.447420140766
"454" 995.055603907545 -62.064671424091 -82.2928135660135
"455" 1255.02855591651 -164.856204308251 -73.0841153720522
"456" 5395.63676233243 -134.610847647149 41.1830995934179
"457" 6399.29385083953 234.9291394062 -47.3794351760454
"458" -1476.05383999698 -45.8769989883324 47.9238549681503
"459" 278.141705463929 -125.445187054357 -5.19581287450209
"460" 1487.33972708388 -139.442882112411 -24.9754316915125
"461" 690.14805698379 -237.484582417026 -116.649210131683
"462" 1242.17785436035 -261.595280181089 -75.5130597712518
